#RA DEC XI ETA F475W F814W V VERR
10.909 41.139 0.169 -0.13 24.294 20.212 -712.209 1.286 
10.911 41.143 0.17 -0.126 24.09 20.381 -270.403 2.054 
10.891 41.156 0.155 -0.113 25.755 20.997 -491.384 3.211 
10.919 41.162 0.176 -0.107 25.605 20.983 -96.263 3.553 
10.922 41.18 0.179 -0.089 24.261 20.579 -228.675 4.092 
10.9 41.201 0.162 -0.068 25.421 20.528 -133.242 5.347 
10.908 41.204 0.168 -0.065 26.548 21.142 -71.893 3.243 
10.922 41.221 0.178 -0.048 24.911 20.805 -341.486 1.582 
10.97 41.24 0.215 -0.029 23.506 20.402 -369.026 1.478 
11.018 41.243 0.25 -0.026 23.374 20.412 -258.847 1.223 
11.011 41.244 0.245 -0.025 22.976 20.482 -168.143 2.636 
11.022 41.246 0.253 -0.022 23.905 20.459 -277.644 1.905 
10.965 41.253 0.211 -0.016 23.228 20.536 -274.427 1.634 
10.998 41.264 0.236 -0.004 24.45 20.425 -288.856 2.071 
11.035 41.267 0.263 -0.002 24.061 20.453 -212.721 1.752 
11.015 41.27 0.249 0.001 24.749 20.487 -228.702 1.825 
11.034 41.274 0.263 0.005 24.422 20.37 -247.477 1.824 
10.982 41.276 0.224 0.007 24.711 20.786 -193.992 4.395 
10.951 41.276 0.2 0.007 23.226 19.544 -179.438 2.199 
10.966 41.283 0.211 0.014 25.095 20.732 -241.869 2.513 
11.086 41.206 0.302 -0.063 24.896 20.763 -49.845 1.142 
11.148 41.213 0.348 -0.055 26.503 20.999 -257.537 3.687 
10.986 41.112 0.226 -0.157 25.281 20.674 -307.644 2.155 
10.963 41.117 0.209 -0.152 25.111 19.975 -295.572 0.88 
10.971 41.128 0.215 -0.141 24.186 20.352 -278.395 1.145 
10.993 41.133 0.232 -0.136 26.427 20.88 -317.592 2.512 
11.033 41.135 0.262 -0.134 26.032 20.592 -258.715 1.32 
11.001 41.144 0.238 -0.125 28.693 21.201 -78.976 1.738 
10.925 41.144 0.181 -0.125 26.969 20.513 -383.15 0.79 
11.002 41.145 0.239 -0.124 25.538 20.906 -284.814 1.636 
10.982 41.147 0.224 -0.122 25.408 20.32 -285.375 1.025 
10.932 41.151 0.186 -0.118 25.34 20.034 -288.431 0.909 
11.043 41.157 0.269 -0.112 25.34 20.509 -211.819 1.312 
11.038 41.158 0.265 -0.111 25.511 20.508 -277.169 0.918 
10.97 41.16 0.215 -0.109 25.115 20.731 -353.71 2.434 
11.006 41.164 0.242 -0.105 24.962 20.603 -302.912 1.242 
11.061 41.166 0.283 -0.102 25.46 20.556 -327.48 1.543 
11.063 41.166 0.285 -0.102 24.799 20.6 -300.032 1.004 
11.053 41.188 0.277 -0.081 25.978 20.958 -359.542 0.965 
11.076 41.188 0.294 -0.081 22.685 20.04 -9.198 1.374 
11.041 41.116 0.268 -0.152 27.565 21.46 -376.673 2.599 
11.161 41.623 0.357 0.354 27.372 21.465 -491.538 2.384 
11.122 41.68 0.328 0.412 26.385 21.132 -56.546 2.041 
11.195 41.603 0.383 0.335 25.227 20.026 -162.213 1.905 
11.193 41.602 0.381 0.334 24.006 20.647 -271.11 1.146 
10.996 41.616 0.233 0.347 27.722 21.514 -158.888 1.928 
11.04 41.62 0.266 0.351 23.729 20.068 -72.991 0.68 
10.997 41.626 0.235 0.357 26.361 20.892 -156.08 6.8 
11.033 41.626 0.261 0.357 26.446 20.731 -66.738 1.407 
11.066 41.667 0.286 0.399 24.676 20.72 -276.828 1.156 
11.247 41.662 0.421 0.394 28.207 21.439 -110.648 2.37 
10.952 41.619 0.201 0.35 24.936 20.55 -119.179 2.574 
10.967 41.623 0.211 0.354 24.32 20.669 -84.239 1.328 
10.974 41.666 0.217 0.397 24.841 20.635 -95.629 2.091 
10.959 41.603 0.206 0.334 27.212 20.971 -255.989 3.451 
10.965 41.604 0.211 0.335 26.045 20.651 -173.625 1.128 
10.95 41.606 0.199 0.337 22.865 20.37 -200.736 2.504 
10.96 41.607 0.207 0.338 25.645 20.572 -205.486 2.409 
10.959 41.603 0.206 0.334 27.212 20.971 -264.136 3.569 
11.144 41.593 0.344 0.325 25.921 21.06 -183.304 2.283 
11.089 41.57 0.304 0.301 23.228 20.475 -360.144 1.667 
11.07 41.586 0.289 0.318 26.238 21.051 -368.774 1.465 
11.055 41.554 0.278 0.285 26.708 21.189 -297.365 6.901 
11.245 41.609 0.42 0.341 26.328 20.771 -167.941 0.625 
11.138 41.591 0.34 0.322 24.682 20.775 -49.571 1.447 
11.185 41.559 0.376 0.291 28.098 21.243 -147.065 7.811 
11.195 41.603 0.383 0.335 25.227 20.026 -201.086 7.564 
11.218 41.583 0.4 0.315 25.815 20.895 -191.866 1.425 
11.108 41.589 0.318 0.321 21.818 18.665 -89.196 0.626 
11.159 41.57 0.356 0.302 25.292 20.876 -192.35 0.707 
11.179 41.589 0.371 0.321 22.915 20.325 -86.712 1.38 
11.193 41.602 0.381 0.334 24.006 20.647 -290.166 1.224 
10.978 41.606 0.22 0.337 25.68 20.263 -101.482 3.073 
11.251 41.542 0.425 0.274 24.586 20.461 -399.443 2.064 
11.277 41.547 0.445 0.279 26.83 20.557 -225.243 1.439 
11.272 41.555 0.44 0.288 23.109 20.134 -212.572 1.384 
11.27 41.604 0.439 0.336 24.498 20.728 -163.451 3.449 
11.228 41.91 0.406 0.642 23.565 20.345 -163.217 0.799 
11.296 41.888 0.458 0.62 26.946 20.98 -53.886 1.211 
11.325 41.919 0.48 0.652 25.034 20.864 -129.657 2.426 
11.345 41.902 0.494 0.634 25.01 20.588 -37.84 1.086 
11.254 41.898 0.426 0.63 26.998 21.151 -55.546 2.045 
11.273 41.905 0.44 0.637 28.621 22.094 -43.655 4.614 
11.289 41.905 0.452 0.637 24.682 20.716 -111.232 0.978 
11.27 41.924 0.438 0.656 25.907 20.77 -163.843 1.229 
11.417 41.888 0.548 0.621 27.582 20.759 -140.727 1.62 
11.469 41.894 0.587 0.627 26.682 20.56 -112.705 1.224 
11.418 41.909 0.549 0.642 24.556 20.672 -52.787 1.022 
11.419 41.909 0.55 0.642 23.983 20.491 -169.528 2.565 
11.148 41.888 0.347 0.62 26.666 20.926 -115.717 2.644 
11.127 41.902 0.331 0.634 27.581 21.163 -129.875 2.095 
11.174 41.926 0.366 0.658 25.234 20.85 -87.039 2.456 
11.192 41.945 0.379 0.677 25.653 20.913 -97.268 2.242 
11.24 41.806 0.416 0.538 26.007 20.806 -7.043 1.814 
11.384 41.872 0.523 0.605 23.331 20.361 -59.14 1.248 
11.187 41.866 0.376 0.598 23.028 20.156 -99.83 0.552 
11.186 41.866 0.375 0.598 23.357 19.59 -40.914 0.367 
11.275 41.811 0.442 0.543 24.489 19.71 -388.81 0.563 
11.253 41.836 0.425 0.568 24.998 20.404 3.26 1.059 
11.406 41.816 0.54 0.549 24.562 20.377 -560.059 1.763 
11.179 41.873 0.37 0.605 24.241 20.659 -93.845 0.903 
11.191 41.874 0.379 0.606 25.164 20.7 -179.489 1.615 
11.19 41.798 0.378 0.53 24.455 20.301 -55.184 0.779 
11.13 41.8 0.334 0.531 25.0 20.836 -133.849 1.131 
11.133 41.802 0.336 0.534 24.272 20.684 -165.834 1.243 
11.147 41.819 0.346 0.551 26.656 21.105 -30.054 2.122 
11.114 41.845 0.322 0.577 25.981 21.137 -64.549 3.295 
11.18 41.847 0.371 0.579 25.471 20.93 -177.264 4.558 
11.547 42.23 0.644 0.964 24.333 20.272 -78.461 0.394 
11.682 42.228 0.744 0.963 23.043 20.45 -189.151 1.526 
11.735 42.237 0.785 0.972 27.596 21.192 -57.486 1.665 
11.641 42.238 0.714 0.973 28.011 21.59 -110.127 2.034 
11.652 42.24 0.722 0.975 25.563 20.575 -110.033 1.047 
11.742 42.243 0.79 0.979 24.85 20.756 -53.39 1.785 
11.649 42.248 0.72 0.983 25.05 20.847 -47.49 1.443 
11.752 42.25 0.797 0.986 27.156 20.87 -82.012 2.502 
11.741 42.256 0.789 0.992 25.174 20.592 -169.933 1.294 
11.704 42.265 0.761 1.0 26.213 21.094 -94.803 2.336 
11.692 42.267 0.752 1.002 26.211 20.919 -287.337 1.528 
11.711 42.269 0.767 1.004 24.944 20.245 -40.531 0.392 
11.738 42.271 0.787 1.007 25.732 20.704 -54.923 0.81 
11.732 42.275 0.782 1.01 26.696 20.999 -68.238 2.359 
11.691 42.278 0.751 1.014 26.402 20.63 -120.27 1.488 
11.828 42.284 0.853 1.02 25.983 21.043 -87.983 2.618 
11.656 42.289 0.725 1.024 25.103 20.635 -41.548 1.769 
11.806 42.295 0.837 1.031 25.165 20.885 -126.784 3.059 
11.778 42.296 0.816 1.032 25.407 20.694 -96.952 2.468 
11.597 42.307 0.681 1.041 25.689 20.494 -20.945 4.729 
11.596 42.307 0.68 1.041 21.564 18.911 -89.831 0.358 
11.016 41.633 0.249 0.364 27.127 20.271 -84.249 2.233 
11.153 41.554 0.352 0.286 25.087 20.45 -266.976 3.872 
10.984 41.694 0.224 0.426 25.268 20.234 -225.69 3.891 
11.148 41.537 0.348 0.268 24.66 20.708 -140.807 1.387 
11.157 41.549 0.355 0.28 24.524 20.352 -119.715 2.124 
11.153 41.48 0.352 0.212 22.069 20.297 -234.604 3.21 
11.183 41.508 0.374 0.24 27.588 21.665 -449.021 3.403 
11.108 41.589 0.318 0.321 21.818 18.665 -72.68 0.465 
11.11 41.51 0.319 0.242 25.568 20.991 -254.082 2.002 
11.118 41.549 0.325 0.281 24.896 20.455 -201.316 1.981 
11.102 41.563 0.313 0.294 21.014 18.678 -57.269 0.235 
11.117 41.596 0.324 0.328 22.086 19.177 -71.711 0.346 
11.666 42.246 0.733 0.981 27.069 21.106 -73.28 4.441 
11.77 42.28 0.81 1.016 23.278 20.519 -149.349 1.269 
11.682 42.228 0.744 0.963 23.043 20.45 -187.29 1.868 
11.479 42.19 0.593 0.923 25.934 20.625 -22.351 4.329 
11.447 41.709 0.571 0.442 26.177 20.624 -130.735 0.646 
11.459 41.715 0.58 0.449 26.566 21.164 -122.802 5.311 
11.398 41.642 0.535 0.375 23.382 20.517 -203.66 1.606 
11.465 41.781 0.585 0.514 23.841 20.345 -72.023 0.759 
11.341 42.002 0.491 0.735 27.818 21.152 -93.521 3.633 
11.261 41.919 0.431 0.651 22.962 19.93 -50.736 1.314 
11.363 42.005 0.507 0.738 24.234 20.567 -434.929 1.111 
11.148 41.306 0.348 0.038 23.766 20.538 -308.119 1.138 
11.113 41.311 0.322 0.042 24.947 20.514 -413.204 2.116 
11.133 41.313 0.337 0.045 25.946 20.861 -203.962 1.319 
11.116 41.315 0.324 0.047 26.072 20.912 -272.033 1.606 
11.123 41.323 0.33 0.054 26.443 21.222 -136.9 3.363 
11.117 41.348 0.325 0.08 26.442 21.188 -100.39 2.036 
11.216 41.356 0.399 0.087 24.555 20.755 -281.282 1.617 
11.124 41.358 0.33 0.09 24.078 19.657 -369.414 6.386 
11.204 41.36 0.39 0.092 26.827 21.144 -313.361 2.166 
11.188 41.362 0.378 0.094 25.704 20.572 -226.896 1.164 
11.214 41.367 0.398 0.099 25.137 20.728 -108.715 2.358 
11.165 41.378 0.361 0.109 24.502 20.425 -190.627 0.945 
11.145 41.382 0.346 0.114 26.505 20.927 -314.147 0.531 
11.204 41.384 0.39 0.116 23.963 20.635 -287.07 1.119 
11.174 41.389 0.367 0.121 24.96 20.81 -225.234 1.196 
11.199 41.391 0.386 0.123 24.251 20.261 -236.715 0.835 
11.191 41.393 0.38 0.125 26.236 20.253 -219.849 1.154 
11.165 41.402 0.361 0.134 23.925 20.369 -543.223 0.751 
11.262 41.412 0.433 0.144 24.959 20.319 -217.675 1.384 
11.26 41.421 0.432 0.153 25.221 20.866 -264.903 2.786 
11.267 41.423 0.437 0.155 26.058 20.423 -186.471 1.199 
11.19 41.427 0.379 0.159 24.117 20.502 -145.738 0.931 
11.2 41.436 0.387 0.168 26.178 21.023 -208.187 1.35 
11.222 41.442 0.403 0.174 24.581 20.739 -186.359 1.461 
11.299 41.442 0.461 0.174 25.212 20.748 -152.576 1.942 
11.274 41.447 0.443 0.179 25.817 21.036 -269.861 4.087 
11.255 41.455 0.428 0.187 25.895 20.965 -73.034 1.7 
11.338 41.46 0.491 0.192 25.587 20.574 -214.565 1.451 
11.269 41.466 0.439 0.198 25.191 20.744 -221.201 1.095 
11.258 41.477 0.43 0.209 25.892 20.527 -207.569 1.748 
11.354 41.477 0.503 0.21 23.017 19.646 -227.655 0.841 
11.33 41.484 0.484 0.216 26.502 21.156 -228.77 3.469 
11.296 41.489 0.458 0.221 26.055 21.05 -245.811 3.641 
11.325 41.518 0.48 0.25 25.805 20.82 -220.457 2.645 
11.301 41.527 0.463 0.259 27.69 21.437 -231.596 1.243 
11.179 41.343 0.372 0.075 24.008 20.608 -197.847 1.22 
11.224 41.347 0.405 0.079 25.872 21.081 -231.818 2.077 
11.166 41.362 0.362 0.094 27.739 21.662 -241.164 4.209 
11.163 41.453 0.359 0.185 25.579 21.019 -87.546 1.123 
11.238 41.479 0.416 0.211 25.583 20.737 -158.384 1.889 
11.202 41.481 0.388 0.213 26.32 20.847 -233.359 1.238 
11.065 41.524 0.286 0.255 26.731 21.228 -6.709 3.411 
11.121 41.529 0.328 0.261 24.831 20.167 -19.34 4.393 
11.097 41.532 0.31 0.263 24.123 20.238 -422.679 0.937 
11.052 41.551 0.275 0.282 24.63 20.454 -9.103 1.085 
10.94 41.579 0.192 0.31 24.649 20.498 -207.972 2.609 
11.066 41.583 0.286 0.315 24.762 20.743 -209.373 1.136 
11.014 41.585 0.247 0.316 25.785 20.583 -133.536 4.017 
11.054 41.587 0.277 0.318 25.154 20.884 -293.703 1.426 
11.043 41.588 0.269 0.319 27.149 21.506 -54.256 1.465 
10.927 41.603 0.182 0.334 25.689 20.74 -83.065 2.189 
10.996 41.616 0.233 0.347 27.722 21.514 -158.376 2.346 
11.007 41.618 0.242 0.349 26.369 21.166 -131.871 1.43 
11.2 41.49 0.387 0.222 25.067 20.144 -187.344 1.304 
11.093 41.54 0.306 0.272 24.585 20.523 4.062 0.95 
11.112 41.542 0.321 0.273 25.288 20.678 -256.325 1.171 
11.124 41.542 0.329 0.274 26.903 21.165 -103.09 0.641 
11.044 41.567 0.269 0.298 26.601 21.15 -34.406 1.538 
10.947 41.578 0.197 0.309 24.993 20.739 -525.854 5.009 
11.03 41.602 0.259 0.334 24.875 20.463 52.53 2.548 
10.978 41.606 0.22 0.337 25.68 20.263 -81.456 2.56 
11.162 41.525 0.358 0.257 28.262 21.225 25.21 4.064 
11.244 41.518 0.42 0.25 24.797 20.811 -224.523 1.878 
11.215 41.521 0.398 0.253 24.901 20.717 -187.597 11.487 
11.291 41.538 0.455 0.27 24.39 19.781 -228.505 1.272 
11.251 41.542 0.425 0.274 24.586 20.461 -374.673 1.165 
11.277 41.547 0.445 0.279 26.83 20.557 -201.668 0.398 
11.246 41.552 0.421 0.284 24.977 20.634 -145.533 1.289 
11.214 41.553 0.397 0.285 27.901 20.794 -163.468 2.884 
11.175 41.558 0.368 0.29 22.751 20.376 -166.93 0.752 
11.168 41.572 0.362 0.303 24.437 20.343 -131.012 0.962 
11.129 41.572 0.333 0.304 24.134 20.583 -409.129 1.38 
11.119 41.573 0.326 0.304 27.064 21.437 -333.116 0.778 
11.151 41.574 0.35 0.306 23.853 20.477 -285.857 1.392 
11.107 41.591 0.317 0.323 27.047 21.048 -17.471 2.053 
11.174 41.594 0.367 0.325 26.099 20.831 -60.207 1.808 
11.075 41.595 0.293 0.327 25.865 20.907 -568.629 2.406 
11.199 41.596 0.386 0.328 26.217 21.191 -260.104 2.04 
11.132 41.599 0.335 0.33 24.587 20.672 -89.207 6.6 
11.168 41.606 0.363 0.338 25.587 20.643 -184.579 1.677 
11.159 41.608 0.355 0.339 26.644 20.992 -275.502 2.07 
11.04 41.62 0.266 0.351 23.729 20.068 -70.419 0.658 
11.033 41.626 0.261 0.357 26.446 20.731 -67.24 1.887 
11.07 41.628 0.289 0.359 23.899 20.623 -357.623 1.988 
11.083 41.628 0.299 0.359 24.027 20.304 -270.362 0.736 
11.122 41.634 0.328 0.365 24.628 20.498 -166.721 1.076 
11.112 41.647 0.32 0.379 26.836 21.147 -377.672 3.188 
11.09 41.652 0.304 0.384 26.025 20.93 -91.642 1.53 
11.12 41.623 0.327 0.355 24.578 20.71 -235.61 1.69 
11.104 41.646 0.314 0.378 26.959 21.325 -42.551 1.628 
11.027 41.678 0.257 0.409 26.791 21.002 -159.957 2.799 
11.226 41.57 0.406 0.302 25.524 20.47 -194.782 0.998 
11.308 41.58 0.467 0.312 25.164 20.792 -188.925 1.384 
11.281 41.596 0.447 0.328 25.975 20.649 -151.156 0.557 
11.23 41.599 0.409 0.331 24.717 20.784 -231.926 3.224 
11.256 41.611 0.428 0.343 27.179 21.302 -49.199 2.981 
11.31 41.612 0.469 0.344 24.224 20.536 -105.557 3.142 
11.205 41.619 0.39 0.351 26.497 21.234 -129.717 3.345 
11.204 41.622 0.39 0.354 26.687 20.795 -163.187 3.097 
11.224 41.633 0.405 0.365 26.061 20.721 -193.895 1.829 
11.162 41.644 0.358 0.375 26.186 20.984 -190.324 3.001 
11.138 41.644 0.34 0.376 26.83 20.766 -202.591 1.741 
11.19 41.647 0.379 0.378 24.369 20.436 -50.002 1.143 
11.083 41.656 0.299 0.388 29.488 21.522 -74.61 5.101 
11.066 41.667 0.286 0.399 24.676 20.72 -278.63 3.398 
11.15 41.705 0.349 0.437 26.328 20.995 -125.951 1.837 
11.065 41.707 0.285 0.439 26.752 20.713 9.165 1.346 
11.152 41.709 0.35 0.44 26.12 20.766 -116.569 3.827 
11.087 41.714 0.302 0.445 26.028 21.059 -244.965 3.376 
11.03 41.716 0.259 0.447 24.75 20.582 -110.536 2.49 
11.024 41.718 0.254 0.449 24.439 20.048 -226.51 2.031 
11.04 41.722 0.266 0.454 27.72 21.006 -28.242 3.134 
11.096 41.733 0.308 0.464 27.089 21.509 -174.982 2.98 
11.338 41.558 0.49 0.291 24.915 20.793 74.487 12.46 
11.318 41.528 0.475 0.261 24.453 20.221 -149.55 0.456 
11.33 41.532 0.484 0.264 23.037 20.455 -474.591 1.417 
11.395 41.533 0.533 0.265 29.27 21.634 -94.751 8.56 
11.357 41.535 0.505 0.268 24.309 20.546 -172.836 2.448 
11.346 41.537 0.496 0.27 25.29 20.867 -223.268 2.669 
11.336 41.538 0.488 0.27 24.65 20.756 -199.362 1.699 
11.4 41.566 0.537 0.299 25.418 20.829 -76.963 6.557 
11.403 41.57 0.539 0.302 28.19 21.445 -82.734 2.572 
11.35 41.572 0.499 0.304 26.019 20.679 -146.368 1.425 
11.33 41.581 0.484 0.313 25.857 20.673 -144.318 1.252 
11.369 41.603 0.513 0.336 25.977 21.104 -115.584 3.048 
11.379 41.607 0.521 0.34 24.871 20.564 -216.649 1.604 
11.36 41.614 0.506 0.346 25.267 20.332 -167.621 0.97 
11.43 41.617 0.559 0.35 25.371 20.945 -324.543 3.292 
11.386 41.624 0.526 0.357 23.194 20.254 -268.679 1.485 
11.443 41.634 0.569 0.367 26.628 21.109 -141.212 4.157 
11.404 41.635 0.539 0.368 25.798 20.819 -179.449 4.119 
11.464 41.642 0.585 0.375 24.795 20.794 -30.412 3.143 
11.477 41.666 0.594 0.399 27.447 21.014 -166.997 2.185 
11.442 41.674 0.568 0.407 25.881 20.621 -98.515 1.28 
11.423 41.681 0.553 0.414 26.426 21.157 -33.368 1.373 
11.468 41.69 0.587 0.424 26.824 21.097 8.399 4.059 
11.473 41.702 0.591 0.435 25.131 20.44 -24.858 1.841 
11.545 41.702 0.645 0.436 26.49 20.448 -199.31 2.853 
11.472 41.712 0.59 0.446 25.194 20.511 -144.672 1.939 
11.466 41.725 0.586 0.459 24.719 20.655 -251.817 2.589 
11.329 41.574 0.484 0.306 24.932 20.598 -120.321 1.763 
11.479 41.726 0.595 0.46 26.889 21.149 -98.635 3.252 
11.256 41.763 0.428 0.495 25.158 20.672 -54.725 10.308 
11.389 41.672 0.528 0.405 28.856 21.814 -233.084 1.282 
11.385 41.675 0.525 0.408 24.008 20.33 -148.134 2.739 
11.413 41.685 0.546 0.418 26.345 20.814 -49.786 1.917 
11.412 41.698 0.545 0.431 25.424 20.772 -322.383 3.031 
11.389 41.699 0.528 0.432 24.023 20.596 -261.689 1.623 
11.416 41.7 0.548 0.433 27.465 21.249 -289.019 4.28 
11.323 41.704 0.478 0.437 26.019 20.669 -247.076 1.284 
11.319 41.708 0.476 0.44 25.347 20.951 -41.721 2.695 
11.403 41.709 0.538 0.442 24.577 20.375 -217.598 1.23 
11.31 41.731 0.469 0.463 25.654 20.813 -0.531 6.132 
11.34 41.731 0.491 0.463 26.575 20.376 -10.17 1.542 
11.27 41.736 0.438 0.468 24.957 20.768 -15.913 2.727 
11.277 41.747 0.444 0.479 27.191 21.224 -204.288 4.596 
11.291 41.748 0.454 0.48 25.295 20.871 -81.341 1.241 
11.324 41.749 0.479 0.481 23.361 20.535 -185.043 1.728 
11.305 41.756 0.465 0.488 24.951 20.829 -64.287 1.9 
11.253 41.761 0.426 0.493 25.697 20.785 -149.096 3.796 
11.239 41.763 0.415 0.495 25.205 20.87 -112.665 4.265 
11.23 41.772 0.409 0.504 26.183 20.871 -130.625 3.55 
11.26 41.776 0.431 0.508 25.822 20.532 -69.786 1.791 
11.32 41.779 0.476 0.512 26.342 20.935 -160.326 2.448 
11.233 41.785 0.411 0.517 24.498 20.584 -66.971 2.486 
11.208 41.792 0.392 0.524 27.889 21.109 -140.225 8.839 
11.188 41.816 0.377 0.548 24.239 20.285 -17.769 1.759 
11.199 41.823 0.385 0.555 25.705 20.442 -160.362 3.547 
11.148 41.824 0.347 0.556 25.571 20.643 -129.738 3.093 
11.211 41.824 0.394 0.556 26.178 20.334 -89.934 1.152 
11.143 41.838 0.343 0.57 24.253 20.48 -64.671 1.771 
11.21 41.842 0.394 0.574 25.885 20.613 -198.077 3.223 
11.2 41.848 0.386 0.58 25.346 19.948 -75.317 1.483 
11.179 41.857 0.37 0.589 24.669 20.726 -12.118 1.993 
11.168 41.866 0.362 0.598 29.984 21.531 -68.857 5.05 
11.157 41.867 0.354 0.598 27.053 21.165 -11.41 2.093 
11.42 41.701 0.552 0.434 25.79 20.945 -119.597 2.804 
11.295 41.712 0.457 0.445 24.878 20.501 -79.184 2.569 
11.39 41.727 0.529 0.46 24.462 20.705 -137.812 1.488 
11.295 41.791 0.457 0.523 27.097 21.382 -132.493 5.056 
11.295 41.791 0.457 0.523 26.013 20.702 -91.774 3.6 
11.507 41.824 0.616 0.558 26.335 20.619 -76.689 0.705 
11.469 41.831 0.587 0.565 27.397 21.297 -142.471 2.221 
11.4 41.832 0.535 0.565 24.323 20.265 -122.258 2.052 
11.365 41.872 0.51 0.604 28.349 21.275 -62.579 7.596 
11.273 41.905 0.44 0.637 28.621 22.094 -22.007 6.652 
11.289 41.905 0.452 0.637 24.682 20.716 -121.606 1.793 
11.349 41.904 0.497 0.637 27.08 21.096 -36.829 3.749 
11.225 41.911 0.404 0.643 27.024 21.434 -53.992 4.837 
11.346 41.914 0.495 0.646 24.704 20.005 -135.593 0.958 
11.337 41.917 0.488 0.649 22.664 20.453 -79.682 0.969 
11.313 41.922 0.471 0.654 27.46 21.276 -231.348 2.097 
11.27 41.924 0.438 0.656 25.907 20.77 -157.848 2.163 
11.297 41.924 0.458 0.656 27.144 21.137 -37.291 1.894 
11.213 41.929 0.395 0.661 25.321 20.717 -223.11 2.029 
11.348 41.929 0.496 0.662 28.843 21.934 -170.507 1.007 
11.232 41.937 0.409 0.669 27.245 21.501 -5.272 3.803 
11.213 41.94 0.395 0.672 23.835 20.393 -124.986 1.831 
11.219 41.945 0.4 0.677 25.21 20.745 -136.419 7.683 
11.296 41.955 0.458 0.687 24.382 20.699 -131.386 1.384 
11.234 41.974 0.411 0.706 26.094 21.176 -124.186 2.461 
11.237 41.986 0.413 0.718 22.649 20.384 -194.607 3.191 
11.417 41.888 0.548 0.621 27.582 20.759 -126.37 2.211 
11.416 41.888 0.548 0.621 26.139 20.964 36.55 5.398 
11.356 41.9 0.503 0.632 24.722 20.257 -20.102 0.574 
11.467 41.805 0.586 0.538 23.592 20.559 -40.754 1.36 
11.241 41.97 0.417 0.702 27.15 20.933 -65.447 3.9 
11.534 41.85 0.636 0.584 24.435 20.306 -46.786 4.887 
11.493 41.841 0.605 0.575 24.8 20.57 -144.959 2.85 
11.471 41.852 0.589 0.585 26.232 21.112 -135.405 5.967 
11.564 41.857 0.658 0.591 24.588 20.708 -10.427 6.965 
11.556 41.862 0.652 0.596 25.079 19.835 -44.828 0.855 
11.542 41.863 0.642 0.597 27.659 21.416 -258.302 6.954 
11.534 41.865 0.636 0.598 25.533 20.693 -24.714 2.246 
11.552 41.87 0.65 0.604 25.714 21.05 -147.721 4.114 
11.541 41.88 0.641 0.614 25.425 20.973 -109.357 2.379 
11.517 41.885 0.623 0.619 26.905 21.446 -80.148 2.675 
11.569 41.887 0.662 0.621 26.032 20.65 -242.777 2.824 
11.534 41.889 0.635 0.623 25.437 20.719 -37.326 2.218 
11.469 41.894 0.587 0.627 26.682 20.56 -106.986 6.477 
11.48 41.941 0.595 0.675 25.478 20.72 7.194 1.663 
11.327 41.943 0.481 0.675 25.407 20.924 59.283 4.931 
11.471 41.944 0.589 0.678 25.21 20.293 -84.264 1.112 
11.446 41.961 0.57 0.694 25.229 20.472 -336.444 2.177 
11.347 41.984 0.495 0.716 23.384 19.791 -49.171 0.537 
11.327 41.987 0.481 0.719 27.675 20.616 -78.108 1.059 
11.301 41.989 0.461 0.721 24.743 20.434 -108.084 1.654 
11.368 41.995 0.511 0.728 24.945 20.158 -193.922 0.849 
11.373 42.003 0.515 0.735 26.078 20.878 -87.47 2.07 
11.336 42.016 0.487 0.749 25.388 20.803 -81.781 1.828 
11.299 42.018 0.459 0.751 28.139 21.093 -40.604 3.047 
11.297 42.038 0.458 0.77 22.725 20.299 -71.552 2.043 
11.418 41.909 0.549 0.642 24.556 20.672 -43.512 1.357 
11.432 41.963 0.559 0.696 24.685 20.359 -69.819 0.933 
11.611 41.905 0.693 0.639 23.377 20.37 -127.377 1.769 
11.522 41.912 0.627 0.645 25.816 20.906 -432.743 3.26 
11.618 41.92 0.699 0.655 23.805 20.582 -550.11 2.172 
11.6 41.924 0.685 0.658 25.311 20.849 -63.62 1.587 
11.501 41.934 0.611 0.668 25.576 20.73 -36.706 2.984 
11.59 41.936 0.678 0.67 26.794 21.321 -78.875 4.855 
11.604 41.938 0.688 0.672 24.186 20.294 -156.126 1.408 
11.484 41.94 0.598 0.674 25.309 20.508 -73.165 2.844 
11.508 41.949 0.616 0.683 26.78 20.355 -142.22 0.892 
11.475 41.95 0.591 0.683 23.324 19.416 -577.139 6.927 
11.517 41.971 0.623 0.705 26.309 20.597 -145.519 2.521 
11.51 41.974 0.617 0.707 25.213 20.857 -106.548 2.926 
11.443 41.997 0.567 0.73 24.911 20.507 -101.564 2.553 
11.382 42.001 0.522 0.734 25.747 20.514 -147.492 2.412 
11.478 42.007 0.593 0.741 23.039 19.993 -338.972 8.68 
11.418 42.011 0.549 0.744 24.227 20.317 -89.616 1.439 
11.45 42.012 0.573 0.745 25.085 20.616 -41.035 3.387 
11.448 42.018 0.571 0.751 26.631 21.059 -105.454 1.659 
11.37 42.049 0.512 0.782 27.911 20.958 -106.102 2.779 
11.404 42.051 0.538 0.784 25.629 20.561 -169.472 2.655 
11.512 41.933 0.619 0.667 25.245 20.862 -61.237 3.553 
11.445 42.012 0.569 0.745 26.407 21.105 -81.458 4.835 
11.656 41.958 0.727 0.693 25.581 20.856 -165.264 1.334 
11.678 41.972 0.743 0.707 23.85 20.17 -31.537 1.249 
11.632 41.979 0.709 0.714 26.142 21.173 -61.823 0.924 
11.673 41.989 0.74 0.724 26.378 20.893 -45.956 3.481 
11.601 41.994 0.686 0.728 24.652 20.736 -122.927 1.21 
11.57 42.001 0.662 0.736 25.246 20.901 -123.151 2.186 
11.563 42.011 0.657 0.745 25.634 20.861 -15.31 2.445 
11.614 42.027 0.695 0.761 25.659 20.733 -57.746 1.831 
11.573 42.031 0.664 0.765 23.97 20.222 -1.829 1.198 
11.58 42.032 0.669 0.766 25.805 20.822 -97.196 2.086 
11.529 42.038 0.631 0.772 24.523 20.269 -133.47 0.627 
11.467 42.046 0.585 0.78 26.855 21.253 -66.087 4.097 
11.428 42.048 0.556 0.781 26.597 20.831 -125.195 2.495 
11.512 42.05 0.619 0.783 25.438 20.715 2.245 2.669 
11.578 42.051 0.668 0.785 27.068 20.957 -175.157 1.399 
11.39 42.066 0.528 0.799 25.992 20.595 1.454 9.115 
11.431 42.074 0.558 0.807 24.056 20.457 -20.564 1.305 
11.51 42.083 0.617 0.817 25.674 20.605 -180.447 1.651 
11.386 42.085 0.525 0.818 25.935 20.695 -100.204 3.991 
11.435 42.098 0.561 0.831 24.611 20.386 -155.955 1.744 
11.494 42.099 0.605 0.833 24.974 20.806 -100.109 1.723 
11.429 42.1 0.556 0.833 25.3 20.884 -108.495 2.407 
11.453 42.108 0.574 0.842 24.947 20.645 -58.629 1.824 
11.396 42.136 0.532 0.868 23.895 20.57 -74.566 2.311 
11.015 41.108 0.249 -0.161 24.134 20.163 -367.65 4.237 
11.059 41.113 0.282 -0.156 26.031 20.236 -334.486 4.545 
11.053 41.114 0.277 -0.155 23.647 20.334 -26.365 2.996 
10.992 41.115 0.232 -0.154 26.578 20.871 -144.961 6.823 
10.998 41.118 0.236 -0.151 22.969 18.939 -33.621 2.039 
11.042 41.125 0.269 -0.144 23.061 20.293 -455.146 4.572 
10.995 41.128 0.234 -0.141 27.43 20.753 -314.351 7.241 
11.057 41.129 0.28 -0.14 24.392 20.468 -75.932 2.815 
11.086 41.135 0.302 -0.134 24.837 20.506 -298.343 6.678 
11.081 41.138 0.298 -0.13 23.392 20.457 -246.023 2.842 
11.006 41.142 0.242 -0.127 26.524 20.863 -302.624 8.276 
11.033 41.145 0.262 -0.124 24.124 20.516 -288.586 4.074 
11.098 41.151 0.311 -0.117 24.003 20.328 -173.09 4.741 
11.039 41.151 0.267 -0.117 25.824 20.219 -332.328 4.417 
11.011 41.152 0.245 -0.117 23.889 19.237 -232.948 5.398 
11.014 41.157 0.248 -0.112 24.888 20.149 -314.467 21.433 
11.092 41.159 0.306 -0.11 24.133 19.856 -297.285 2.861 
11.081 41.162 0.298 -0.106 22.572 19.857 -16.416 2.952 
11.054 41.173 0.278 -0.096 24.171 20.541 -343.471 5.347 
11.019 41.174 0.252 -0.094 23.706 20.273 25.467 2.501 
11.073 41.183 0.292 -0.086 24.692 20.457 -297.557 3.676 
11.076 41.191 0.295 -0.078 23.93 20.612 -409.901 7.851 
11.031 41.193 0.261 -0.075 24.41 19.727 -278.987 1.762 
11.033 41.196 0.262 -0.073 22.806 19.353 -105.67 11.856 
11.066 41.205 0.287 -0.064 24.66 20.328 -258.335 2.875 
11.078 41.208 0.295 -0.061 24.219 19.769 -250.611 2.06 
11.096 41.21 0.309 -0.059 24.16 20.352 -333.679 6.0 
11.109 41.21 0.319 -0.058 24.893 20.409 -363.57 1.784 
11.042 41.212 0.269 -0.056 22.687 19.666 -248.818 1.233 
11.086 41.212 0.302 -0.056 25.278 20.433 -231.648 2.289 
11.058 41.214 0.281 -0.055 24.761 20.305 -241.593 2.853 
11.048 41.215 0.273 -0.053 22.228 19.781 -298.207 1.229 
11.078 41.222 0.296 -0.047 22.654 19.778 116.947 3.858 
11.102 41.228 0.314 -0.04 23.196 20.071 -59.79 2.793 
11.11 41.229 0.32 -0.04 24.605 19.736 -319.037 2.238 
11.116 41.234 0.325 -0.034 22.877 19.965 -64.27 6.003 
11.156 41.24 0.355 -0.029 25.156 20.517 -228.994 3.23 
11.118 41.241 0.326 -0.027 24.685 19.953 -211.388 2.525 
11.101 41.243 0.313 -0.025 24.5 20.005 -299.49 3.074 
11.15 41.244 0.35 -0.025 26.591 20.707 -116.275 5.693 
11.16 41.247 0.357 -0.021 24.322 20.685 -134.516 6.375 
11.134 41.248 0.338 -0.02 24.761 20.294 -268.832 3.836 
11.161 41.249 0.358 -0.019 24.803 20.491 -180.976 5.727 
11.155 41.25 0.353 -0.018 23.542 20.19 -119.543 4.586 
11.138 41.25 0.341 -0.018 24.955 20.06 -257.395 0.597 
11.091 41.251 0.305 -0.018 25.727 20.766 -317.399 3.385 
11.114 41.251 0.323 -0.018 24.72 19.655 -286.297 2.002 
11.147 41.259 0.347 -0.009 23.228 19.965 -309.516 0.777 
11.167 41.268 0.362 -0.001 24.131 20.649 -193.178 3.967 
11.079 41.268 0.297 -0.001 24.958 20.661 -329.088 4.991 
11.107 41.269 0.317 0.0 21.993 20.161 -266.678 2.059 
11.092 41.272 0.306 0.003 22.538 19.607 -9.38 2.368 
11.092 41.273 0.306 0.004 24.44 20.494 -278.28 8.6 
11.124 41.274 0.33 0.005 24.833 20.015 -181.38 2.057 
11.123 41.275 0.33 0.007 24.052 20.512 -302.608 1.225 
11.112 41.276 0.321 0.007 23.973 19.91 -147.263 0.498 
11.186 41.279 0.377 0.01 27.333 20.499 -145.226 3.233 
11.148 41.284 0.348 0.015 24.77 20.063 -172.472 14.732 
11.171 41.284 0.365 0.016 25.043 20.218 -407.894 2.055 
11.182 41.285 0.374 0.017 23.49 19.756 -328.872 2.068 
11.167 41.293 0.362 0.025 30.705 20.938 -259.4 2.207 
11.217 41.295 0.4 0.027 26.488 20.846 -445.51 2.404 
11.159 41.297 0.357 0.029 24.866 20.829 -212.405 5.69 
11.13 41.298 0.335 0.03 24.974 20.483 -269.777 5.015 
11.202 41.299 0.389 0.031 22.933 19.874 -538.866 3.698 
11.136 41.302 0.339 0.033 24.392 20.366 -313.894 4.676 
11.186 41.303 0.376 0.034 22.84 20.018 -439.857 7.555 
11.17 41.304 0.364 0.035 29.2 20.886 -281.36 11.755 
11.14 41.307 0.342 0.039 23.735 20.102 -354.831 7.94 
11.205 41.308 0.391 0.04 24.871 20.277 -216.356 4.251 
11.16 41.309 0.357 0.041 25.019 20.854 -335.132 7.656 
11.16 41.312 0.357 0.044 26.245 20.161 -52.544 11.947 
11.179 41.314 0.371 0.045 23.774 19.722 57.932 5.863 
11.182 41.315 0.374 0.046 23.686 20.478 -372.936 5.342 
11.136 41.317 0.339 0.048 25.123 20.618 -39.472 5.969 
11.137 41.321 0.34 0.053 25.815 20.277 -246.667 5.644 
11.18 41.323 0.372 0.055 21.501 18.692 -270.58 0.898 
11.152 41.329 0.351 0.061 23.88 19.499 -235.832 4.642 
11.176 41.338 0.369 0.069 23.644 20.079 -248.833 5.166 
11.195 41.338 0.384 0.07 23.055 19.944 -247.7 5.207 
11.176 41.342 0.37 0.073 24.216 20.474 -393.878 6.586 
11.183 41.342 0.375 0.074 24.322 19.249 -290.055 0.797 
11.121 41.26 0.328 -0.009 23.118 19.756 9.139 2.496 
11.114 41.26 0.323 -0.009 25.087 20.213 -450.467 4.397 
11.078 41.263 0.296 -0.005 24.226 19.552 -319.067 3.169 
11.152 41.264 0.351 -0.004 23.832 19.711 -301.422 1.754 
11.166 41.269 0.362 0.001 24.31 20.064 -322.914 0.629 
11.076 41.272 0.294 0.004 23.389 19.672 -526.979 4.048 
11.198 41.285 0.386 0.017 24.346 20.348 -302.441 5.465 
11.141 41.292 0.343 0.024 23.526 19.726 -313.593 2.225 
11.161 41.293 0.358 0.025 25.236 20.686 -256.26 10.084 
11.166 41.302 0.362 0.034 23.919 20.397 -268.856 2.7 
11.11 41.303 0.32 0.035 24.954 20.532 -250.023 5.275 
11.178 41.308 0.37 0.04 23.091 20.394 -158.257 5.977 
11.132 41.31 0.336 0.042 24.72 20.305 -263.059 3.444 
11.108 41.311 0.319 0.042 23.042 19.973 3.706 4.701 
11.114 41.32 0.323 0.052 22.105 20.17 -299.251 2.154 
11.204 41.323 0.39 0.055 23.314 20.394 -249.864 3.313 
11.122 41.323 0.329 0.055 26.329 21.129 -325.659 4.666 
11.122 41.326 0.329 0.057 25.27 20.059 -260.381 2.254 
11.15 41.326 0.35 0.058 24.534 19.629 -239.393 3.162 
11.118 41.329 0.326 0.061 24.573 20.732 -250.947 7.082 
11.203 41.33 0.39 0.062 23.231 19.521 -29.014 2.518 
11.196 41.332 0.385 0.064 23.458 20.405 -92.918 3.937 
11.177 41.335 0.37 0.067 22.548 20.141 3.767 3.094 
11.188 41.335 0.378 0.067 21.715 19.812 -166.221 3.669 
11.16 41.34 0.357 0.072 25.115 20.375 -143.465 2.611 
11.224 41.344 0.406 0.076 22.421 20.146 -64.888 3.616 
11.152 41.347 0.351 0.079 23.914 20.376 -380.381 4.56 
11.204 41.347 0.39 0.079 24.955 20.737 -209.173 3.745 
11.206 41.348 0.392 0.08 22.587 19.21 -275.95 0.334 
11.181 41.35 0.373 0.082 23.627 20.076 -255.623 5.995 
11.173 41.36 0.367 0.092 23.339 18.975 -209.415 1.769 
11.246 41.363 0.422 0.095 22.829 19.983 -188.714 2.332 
11.26 41.365 0.432 0.097 22.391 20.061 -413.579 -299800.0 
11.22 41.366 0.402 0.098 23.422 20.217 -204.323 2.53 
11.17 41.367 0.365 0.098 22.811 19.826 -218.493 2.701 
11.18 41.367 0.372 0.099 23.823 18.989 -233.608 1.393 
11.225 41.367 0.406 0.099 24.838 20.322 -225.765 0.506 
11.181 41.367 0.373 0.099 24.104 19.973 -245.454 2.316 
11.263 41.371 0.434 0.103 24.533 20.025 -362.131 5.822 
11.177 41.371 0.37 0.103 22.4 19.897 -202.551 1.731 
11.265 41.372 0.436 0.104 25.334 20.084 -215.869 2.593 
11.248 41.374 0.423 0.106 24.735 20.419 -254.187 3.15 
11.203 41.374 0.389 0.106 24.936 20.24 -234.457 2.617 
11.277 41.375 0.445 0.107 24.764 19.824 -165.454 8.273 
11.277 41.375 0.445 0.107 24.764 19.824 -212.04 8.469 
11.251 41.377 0.425 0.109 22.461 19.719 -194.037 3.007 
11.298 41.38 0.461 0.113 25.827 20.79 -163.213 3.596 
11.252 41.382 0.426 0.114 23.686 20.281 -66.001 4.457 
11.308 41.383 0.468 0.115 24.697 20.482 -284.526 5.41 
11.256 41.386 0.429 0.118 23.44 20.158 -239.476 2.406 
11.234 41.39 0.413 0.122 23.42 20.518 -224.098 2.463 
11.226 41.391 0.407 0.123 24.371 20.036 -199.655 0.555 
11.262 41.394 0.434 0.126 26.162 20.899 -479.085 3.34 
11.235 41.394 0.414 0.126 24.06 20.58 -453.917 5.23 
11.194 41.395 0.382 0.126 24.133 19.985 -213.605 2.496 
11.236 41.395 0.414 0.127 21.858 19.76 -57.875 2.745 
11.322 41.398 0.479 0.13 23.454 20.524 -126.053 5.356 
11.306 41.4 0.467 0.133 25.539 20.901 9.75 5.394 
11.249 41.401 0.424 0.133 23.736 19.466 -243.391 1.866 
11.262 41.405 0.433 0.137 25.191 20.383 -205.172 16.113 
11.285 41.406 0.451 0.138 23.997 19.941 -229.619 2.509 
11.282 41.41 0.449 0.143 24.815 19.654 -241.342 1.702 
11.317 41.414 0.475 0.147 22.569 20.295 -113.527 4.915 
11.296 41.422 0.459 0.155 25.283 20.787 -228.13 4.421 
11.221 41.423 0.403 0.155 23.629 20.141 -173.261 7.615 
11.265 41.424 0.436 0.157 25.608 20.044 9.094 2.403 
11.327 41.426 0.482 0.158 23.129 19.665 -235.41 2.858 
11.3 41.426 0.462 0.158 24.211 20.113 -254.164 3.892 
11.272 41.431 0.441 0.163 24.233 20.284 -226.637 3.436 
11.334 41.435 0.488 0.168 23.33 19.453 -53.585 3.313 
11.266 41.437 0.437 0.169 23.623 18.634 -204.355 3.694 
11.266 41.445 0.437 0.177 24.447 19.321 -212.36 6.961 
11.332 41.446 0.486 0.178 24.465 20.311 -224.721 4.752 
11.258 41.456 0.43 0.188 23.457 20.084 -234.217 4.444 
11.334 41.458 0.487 0.19 22.628 19.549 -222.361 1.581 
11.294 41.458 0.457 0.19 22.185 20.29 -55.67 5.45 
11.286 41.472 0.451 0.204 24.353 20.201 -173.306 9.123 
11.288 41.478 0.453 0.21 25.925 20.372 -98.611 5.264 
11.154 41.368 0.352 0.099 22.931 19.991 -230.673 3.728 
11.145 41.369 0.346 0.101 22.808 20.502 -79.09 31.523 
11.166 41.377 0.362 0.108 24.947 20.619 -258.312 6.449 
11.177 41.377 0.37 0.109 24.471 19.796 -338.918 7.43 
11.202 41.378 0.389 0.109 24.527 19.861 -246.595 6.081 
11.203 41.387 0.389 0.119 24.393 20.323 -269.717 8.033 
11.199 41.388 0.387 0.119 26.902 20.629 -193.97 13.369 
11.177 41.391 0.37 0.123 23.462 19.729 -518.577 10.911 
11.217 41.394 0.4 0.126 24.71 20.286 -338.473 9.439 
11.16 41.394 0.357 0.126 25.554 20.039 -424.356 12.777 
11.228 41.397 0.408 0.129 25.238 19.867 -125.325 1.468 
11.21 41.4 0.394 0.132 23.012 20.106 -254.346 3.858 
11.186 41.4 0.377 0.132 22.047 19.607 -32.862 3.708 
11.176 41.401 0.369 0.133 25.037 20.337 -294.439 7.028 
11.151 41.404 0.35 0.135 22.866 19.479 -216.358 1.922 
11.136 41.406 0.339 0.138 22.952 19.505 -216.238 3.67 
11.218 41.408 0.401 0.14 22.129 20.278 -165.084 7.557 
11.226 41.412 0.407 0.143 20.669 17.498 -211.935 0.561 
11.171 41.413 0.365 0.145 22.519 19.262 -147.552 1.218 
11.177 41.415 0.37 0.146 24.561 19.75 -227.516 4.117 
11.229 41.415 0.409 0.147 26.135 20.791 -188.346 5.897 
11.178 41.417 0.37 0.149 23.593 19.367 -203.553 4.017 
11.165 41.422 0.361 0.154 23.721 20.414 -203.914 10.966 
11.208 41.426 0.393 0.158 23.61 19.942 -210.814 4.117 
11.154 41.428 0.352 0.159 23.762 19.972 -182.742 3.002 
11.168 41.432 0.363 0.164 27.823 21.04 -203.877 16.75 
11.2 41.433 0.387 0.165 21.896 19.679 -50.42 3.432 
11.168 41.433 0.363 0.165 22.518 17.503 -210.149 0.545 
11.176 41.436 0.369 0.167 24.195 19.766 -273.26 3.083 
11.232 41.439 0.411 0.171 24.802 19.714 -256.729 3.214 
11.179 41.44 0.371 0.172 21.453 18.64 -172.118 0.878 
11.177 41.441 0.37 0.173 20.789 17.561 -181.661 0.459 
11.196 41.441 0.384 0.173 24.838 19.691 -47.911 3.581 
11.191 41.448 0.38 0.18 22.012 20.26 -186.087 3.131 
11.206 41.449 0.391 0.181 25.354 19.971 -55.241 6.897 
11.129 41.453 0.333 0.185 22.133 19.752 -218.47 3.06 
11.175 41.462 0.368 0.193 23.974 19.51 -190.005 0.451 
11.198 41.464 0.386 0.195 24.853 20.224 -130.169 4.946 
11.184 41.465 0.375 0.197 22.219 19.394 -174.473 1.354 
11.156 41.466 0.354 0.197 22.229 18.988 -228.591 1.259 
11.152 41.466 0.351 0.198 22.388 19.489 -59.458 4.5 
11.171 41.467 0.365 0.198 25.706 20.693 -111.469 5.509 
11.192 41.474 0.381 0.206 21.376 18.628 -167.178 0.659 
11.141 41.475 0.343 0.207 22.494 19.541 -324.215 8.432 
11.172 41.48 0.366 0.212 24.646 20.666 -110.038 5.644 
11.15 41.482 0.349 0.214 24.447 19.61 -210.74 3.184 
11.16 41.484 0.356 0.216 24.677 20.301 -249.71 6.686 
11.181 41.485 0.372 0.216 23.92 19.595 -222.773 -299800.0 
11.196 41.486 0.384 0.217 23.377 20.171 -154.846 4.301 
11.142 41.488 0.344 0.22 23.162 20.167 -191.64 3.19 
11.153 41.489 0.351 0.22 26.105 20.34 -141.495 4.702 
11.194 41.49 0.383 0.222 21.891 19.23 -188.87 0.869 
11.142 41.492 0.344 0.223 22.342 19.484 -192.623 1.623 
11.169 41.494 0.364 0.226 22.259 19.578 -218.345 2.599 
11.168 41.505 0.363 0.237 23.46 19.717 -239.591 4.372 
11.186 41.511 0.376 0.243 23.014 19.822 -198.61 2.052 
11.169 41.513 0.363 0.245 22.833 20.344 -183.927 2.596 
11.182 41.514 0.374 0.245 25.022 19.935 -51.777 10.588 
11.168 41.516 0.363 0.248 25.182 19.673 -0.211 2.638 
11.137 41.518 0.339 0.25 23.331 18.916 -79.133 1.533 
11.186 41.52 0.376 0.251 23.878 20.072 -184.063 6.151 
11.167 41.521 0.362 0.252 24.822 19.988 53.201 3.826 
11.147 41.522 0.347 0.254 22.977 19.778 -299.138 0.59 
11.164 41.523 0.36 0.255 22.114 19.563 -102.067 1.402 
11.179 41.529 0.371 0.26 22.915 18.733 -170.055 1.542 
11.177 41.53 0.37 0.262 22.396 20.373 -176.56 2.799 
11.177 41.531 0.37 0.262 25.999 20.812 -209.976 10.845 
11.175 41.533 0.368 0.265 24.521 19.712 -55.138 15.261 
11.142 41.534 0.343 0.266 21.842 19.302 -68.605 1.45 
11.156 41.539 0.354 0.27 22.717 20.176 -175.548 13.241 
11.157 41.542 0.355 0.273 27.197 20.917 -9.773 23.314 
11.13 41.547 0.334 0.278 24.706 20.394 -388.454 3.539 
11.169 41.547 0.363 0.279 22.212 20.354 -47.648 3.366 
11.148 41.553 0.348 0.285 25.489 20.056 -163.542 9.239 
11.137 41.559 0.339 0.291 23.216 20.469 -391.489 12.066 
11.15 41.559 0.349 0.29 27.14 20.936 -121.887 9.231 
11.136 41.561 0.339 0.293 22.239 20.019 -74.019 2.462 
11.184 41.567 0.374 0.298 23.695 19.993 -75.235 6.765 
11.117 41.58 0.325 0.312 25.987 20.608 -218.803 7.832 
11.185 41.584 0.375 0.316 22.926 20.388 -14.387 7.228 
11.129 41.599 0.333 0.33 23.064 19.107 -87.563 4.106 
11.193 41.604 0.381 0.336 26.237 21.006 -307.263 12.233 
11.164 41.622 0.359 0.353 25.623 20.045 -27.58 12.809 
11.11 41.624 0.319 0.355 23.832 19.886 -41.411 4.519 
11.14 41.633 0.341 0.365 27.833 21.602 -52.26 19.034 
11.082 41.194 0.299 -0.074 23.656 20.034 -240.519 8.804 
11.126 41.195 0.332 -0.074 23.525 20.085 -236.805 10.041 
11.104 41.195 0.315 -0.073 24.583 19.469 -239.868 2.991 
11.136 41.196 0.339 -0.072 22.926 19.635 -31.91 15.082 
11.131 41.198 0.336 -0.071 24.274 20.405 -207.908 10.673 
11.087 41.198 0.303 -0.071 26.272 20.678 -76.583 11.035 
11.119 41.202 0.326 -0.066 23.727 20.596 -196.1 11.471 
11.049 41.204 0.274 -0.065 22.741 19.757 24.045 7.266 
11.134 41.207 0.338 -0.061 25.367 19.912 -344.644 2.614 
11.13 41.211 0.335 -0.058 25.378 20.411 -220.541 9.024 
11.074 41.215 0.292 -0.053 24.649 19.751 -326.169 18.574 
11.129 41.218 0.334 -0.051 25.351 20.246 77.647 8.032 
11.076 41.22 0.295 -0.049 26.087 20.272 -343.854 9.812 
11.115 41.221 0.324 -0.047 23.465 19.935 -254.551 8.292 
11.111 41.224 0.32 -0.044 23.267 20.07 -239.22 14.606 
11.106 41.231 0.317 -0.037 24.427 20.108 -246.066 5.927 
11.122 41.25 0.329 -0.019 25.586 20.535 -277.741 7.093 
11.03 41.256 0.26 -0.012 21.644 19.054 -268.981 4.319 
11.02 41.272 0.252 0.003 25.002 20.322 -259.709 4.445 
11.072 41.281 0.291 0.013 25.147 20.498 -28.28 8.576 
11.102 41.282 0.314 0.014 23.746 19.5 -269.4 2.257 
11.032 41.283 0.261 0.015 25.79 20.934 164.839 19.458 
11.082 41.295 0.299 0.026 25.068 20.8 259.81 15.335 
11.085 41.313 0.301 0.044 20.103 18.304 -269.583 7.044 
11.01 41.338 0.245 0.069 21.906 18.51 -283.598 3.613 
10.992 41.342 0.231 0.073 23.745 20.515 -598.733 10.655 
10.995 41.346 0.233 0.078 23.267 19.783 -243.969 7.558 
11.035 41.352 0.263 0.083 23.779 19.472 -230.499 7.792 
10.992 41.354 0.231 0.085 21.083 17.025 -240.449 1.477 
11.0 41.36 0.237 0.091 23.058 19.795 -268.304 7.298 
11.064 41.363 0.285 0.094 22.052 19.367 -236.67 4.382 
11.053 41.364 0.277 0.095 24.762 19.932 -408.042 7.985 
10.979 41.368 0.221 0.099 21.717 19.162 -428.368 8.712 
11.047 41.368 0.272 0.099 27.901 21.76 -51.227 21.323 
10.995 41.384 0.233 0.115 22.836 19.685 -166.752 16.179 
10.971 41.384 0.215 0.115 25.115 20.36 -278.07 16.876 
11.035 41.385 0.263 0.117 24.356 19.934 -180.837 7.509 
11.016 41.387 0.249 0.118 22.266 19.816 -197.426 6.913 
10.995 41.393 0.233 0.125 24.956 20.137 -209.173 8.254 
10.989 41.395 0.229 0.126 22.688 19.314 -178.797 11.866 
10.996 41.402 0.234 0.133 25.322 20.228 -223.11 12.443 
11.045 41.402 0.271 0.134 23.366 19.818 -324.002 7.759 
11.031 41.407 0.26 0.139 23.002 19.175 -190.2 5.156 
11.014 41.411 0.247 0.142 23.633 19.647 -232.396 14.085 
10.995 41.413 0.233 0.144 22.919 19.484 -147.718 8.339 
10.966 41.415 0.212 0.146 21.361 18.738 -178.571 2.737 
10.966 41.415 0.211 0.146 24.213 20.265 -284.537 -299800.0 
10.994 41.434 0.232 0.165 26.105 19.832 -216.515 1.489 
11.003 41.448 0.239 0.179 22.276 19.243 -120.551 5.442 
11.43 41.571 0.559 0.305 25.559 20.813 -127.914 6.122 
11.438 41.573 0.565 0.306 23.696 20.082 -155.608 4.221 
11.466 41.575 0.586 0.308 26.918 20.979 -139.998 3.888 
11.471 41.576 0.59 0.31 22.977 20.025 -223.107 6.607 
11.438 41.582 0.565 0.315 25.645 19.912 -192.079 3.641 
11.445 41.585 0.57 0.318 23.554 20.412 -137.843 10.266 
11.463 41.588 0.584 0.321 26.47 21.191 -214.425 3.899 
11.411 41.593 0.545 0.326 24.261 20.417 -134.101 6.965 
11.504 41.593 0.615 0.327 22.104 20.329 -45.901 5.243 
11.489 41.594 0.604 0.327 25.504 20.384 -145.868 4.36 
11.411 41.602 0.545 0.335 24.619 20.409 -213.048 5.23 
11.484 41.603 0.599 0.336 22.446 19.606 -137.81 2.244 
11.462 41.604 0.583 0.337 24.307 20.119 -184.189 3.398 
11.512 41.609 0.62 0.343 23.308 19.541 -18.467 2.345 
11.489 41.613 0.603 0.347 24.647 19.923 -159.679 2.208 
11.46 41.615 0.581 0.348 25.259 20.918 -25.383 6.441 
11.493 41.625 0.606 0.359 25.172 20.406 -186.749 4.841 
11.456 41.626 0.579 0.359 21.614 19.08 -200.379 0.967 
11.494 41.626 0.607 0.36 25.626 20.081 -124.653 3.057 
11.444 41.63 0.569 0.363 23.448 19.863 -168.039 4.439 
11.496 41.637 0.608 0.371 25.515 20.78 -198.774 9.668 
11.444 41.64 0.569 0.374 24.668 20.16 -173.989 6.118 
11.439 41.64 0.565 0.374 25.704 20.556 -110.107 2.81 
11.454 41.645 0.577 0.378 25.946 20.797 -128.06 10.515 
11.489 41.645 0.603 0.378 25.354 20.141 -81.516 2.734 
11.455 41.65 0.578 0.383 25.147 20.326 -134.189 7.464 
11.5 41.652 0.611 0.385 24.827 20.022 -0.849 2.905 
11.45 41.652 0.574 0.385 24.329 20.521 -141.267 0.944 
11.515 41.654 0.623 0.388 25.441 20.026 -123.374 2.38 
11.45 41.655 0.574 0.389 25.243 20.388 -19.057 12.681 
11.48 41.664 0.596 0.398 23.004 20.049 -24.425 3.86 
11.469 41.668 0.588 0.401 25.16 20.667 -150.801 4.102 
11.441 41.684 0.567 0.417 25.26 19.905 -31.12 2.122 
11.49 41.686 0.604 0.42 22.403 19.559 -297.268 3.229 
11.445 41.691 0.57 0.425 25.759 20.467 -30.671 3.24 
11.446 41.694 0.571 0.427 24.076 20.558 -167.015 3.577 
11.469 41.694 0.588 0.428 27.577 20.918 -321.918 20.457 
11.473 41.696 0.591 0.429 24.412 20.238 -180.318 2.785 
11.516 41.702 0.623 0.436 23.835 19.835 -162.487 0.471 
11.525 41.704 0.63 0.438 22.189 20.026 -194.899 1.691 
11.479 41.709 0.595 0.442 25.718 20.129 -97.812 2.733 
11.529 41.709 0.633 0.443 24.822 20.564 -114.895 4.784 
11.47 41.709 0.589 0.442 21.538 17.837 -154.604 0.793 
11.536 41.713 0.638 0.446 24.507 20.395 -255.15 5.118 
11.486 41.714 0.601 0.447 24.293 20.599 -105.26 3.276 
11.466 41.714 0.586 0.447 25.845 20.381 -31.288 2.776 
11.49 41.715 0.604 0.449 21.452 18.79 -125.201 0.738 
11.519 41.719 0.625 0.453 24.529 20.07 -134.644 3.26 
11.528 41.721 0.632 0.455 25.806 20.716 -107.354 2.995 
11.536 41.724 0.638 0.457 24.22 20.491 -508.878 5.399 
11.521 41.73 0.627 0.464 26.154 20.91 -126.94 4.337 
11.464 41.734 0.584 0.467 25.489 20.835 -150.566 4.315 
11.471 41.735 0.589 0.469 24.315 20.587 -142.575 6.662 
11.5 41.736 0.611 0.469 25.281 20.731 -155.288 5.818 
11.557 41.74 0.653 0.474 25.649 20.505 -100.802 4.19 
11.507 41.741 0.616 0.475 23.789 19.901 -32.361 4.028 
11.485 41.741 0.6 0.475 25.032 20.538 -84.083 4.496 
11.555 41.745 0.652 0.479 24.969 20.856 -34.953 5.235 
11.518 41.746 0.625 0.48 24.96 20.576 -123.949 6.304 
11.487 41.746 0.601 0.48 23.405 19.604 -137.798 2.796 
11.509 41.753 0.617 0.486 24.762 20.191 -114.22 3.202 
11.517 41.76 0.624 0.494 24.115 20.399 -97.562 4.334 
11.534 41.764 0.637 0.498 24.251 20.684 -325.57 6.34 
11.491 41.764 0.604 0.498 24.179 19.736 -102.324 3.952 
11.537 41.768 0.638 0.502 23.337 19.698 3.89 3.486 
11.531 41.771 0.634 0.505 22.494 20.036 -144.464 2.073 
11.528 41.8 0.631 0.534 23.388 19.536 -45.502 2.962 
11.508 41.834 0.616 0.568 24.896 19.77 -117.288 0.964 
11.323 41.621 0.479 0.354 25.302 20.538 -251.38 9.853 
11.368 41.633 0.512 0.366 23.522 19.971 -84.409 10.171 
11.416 41.634 0.549 0.367 21.202 18.509 -154.958 0.766 
11.344 41.656 0.494 0.389 23.257 19.253 -165.846 1.524 
11.402 41.662 0.538 0.395 25.994 20.453 -117.591 10.564 
11.376 41.673 0.519 0.405 22.44 19.756 -4.704 3.098 
11.411 41.692 0.545 0.424 23.19 19.21 -36.302 2.552 
11.422 41.711 0.552 0.444 23.003 20.447 -164.367 4.176 
11.471 41.735 0.589 0.469 24.315 20.587 -125.928 4.963 
11.393 41.738 0.53 0.471 23.051 20.04 -93.076 2.18 
11.441 41.744 0.566 0.477 24.712 19.993 -154.208 2.982 
11.403 41.75 0.538 0.483 24.075 20.446 -79.741 3.407 
11.392 41.752 0.53 0.485 23.62 20.412 -87.339 3.676 
11.491 41.754 0.604 0.488 23.368 20.347 -104.619 0.648 
11.423 41.756 0.553 0.489 23.938 20.553 -4.646 7.189 
11.454 41.756 0.576 0.49 23.272 20.114 -38.444 3.944 
11.454 41.76 0.577 0.493 26.061 20.583 34.405 8.76 
11.426 41.763 0.556 0.496 25.208 19.981 -34.629 1.763 
11.502 41.764 0.612 0.498 24.143 20.165 -65.32 4.228 
11.46 41.766 0.581 0.5 25.164 20.39 -81.31 3.622 
11.442 41.77 0.567 0.503 24.759 20.36 -88.124 3.56 
11.515 41.77 0.622 0.504 25.434 20.417 -136.578 3.723 
11.425 41.774 0.555 0.507 24.002 20.575 -85.86 3.361 
11.449 41.777 0.573 0.51 26.191 20.806 -111.762 2.814 
11.434 41.779 0.562 0.512 25.573 20.081 -114.305 2.478 
11.528 41.784 0.632 0.518 23.101 18.903 -150.243 6.912 
11.415 41.787 0.547 0.52 22.341 18.612 -73.14 0.061 
11.42 41.792 0.55 0.525 26.398 20.404 -61.147 5.882 
11.431 41.807 0.559 0.54 22.376 20.019 -62.929 2.036 
11.44 41.809 0.565 0.542 24.569 19.831 1.101 4.962 
11.512 41.833 0.62 0.566 27.223 20.62 15.406 2.394 
11.474 41.835 0.591 0.569 25.353 20.911 -139.554 7.781 
11.457 41.853 0.578 0.587 25.033 20.678 35.187 6.315 
11.47 41.856 0.588 0.59 22.403 20.009 -60.731 3.038 
11.333 41.608 0.486 0.341 22.775 20.022 -166.382 2.308 
11.326 41.609 0.481 0.341 23.225 20.402 -152.303 3.401 
11.312 41.609 0.471 0.341 21.992 18.521 -122.073 1.055 
11.333 41.614 0.486 0.346 23.669 19.72 -148.405 4.973 
11.347 41.617 0.497 0.35 21.28 17.979 -166.984 0.51 
11.335 41.622 0.488 0.354 24.197 19.974 -97.565 4.233 
11.297 41.626 0.459 0.358 23.259 19.491 -96.434 4.105 
11.308 41.626 0.467 0.358 24.332 20.144 -112.727 4.365 
11.328 41.626 0.482 0.359 21.895 18.63 -121.994 1.108 
11.29 41.632 0.454 0.364 26.503 21.05 -201.491 7.609 
11.297 41.634 0.459 0.366 22.521 18.001 -139.034 1.013 
11.296 41.641 0.459 0.374 22.12 19.175 -130.046 1.024 
11.287 41.646 0.451 0.379 22.368 19.391 -331.884 4.56 
11.288 41.65 0.453 0.383 22.567 20.432 -119.04 2.71 
11.321 41.652 0.477 0.384 24.169 20.362 -155.804 4.551 
11.344 41.69 0.494 0.422 26.32 20.127 82.811 7.134 
11.344 41.714 0.494 0.446 26.488 20.353 -84.998 0.903 
11.34 41.717 0.491 0.449 25.181 20.839 -93.643 4.757 
11.345 41.722 0.495 0.454 31.619 21.559 -67.873 8.409 
11.36 41.743 0.506 0.475 26.084 20.472 -66.758 5.421 
11.398 41.746 0.534 0.479 24.517 20.074 -65.941 3.222 
11.38 41.753 0.521 0.486 23.882 20.064 -67.734 4.05 
11.385 41.754 0.525 0.487 24.398 20.527 -7.583 4.801 
11.366 41.754 0.511 0.487 23.278 19.694 -28.407 3.946 
11.398 41.755 0.535 0.488 25.616 20.278 -30.827 4.305 
11.388 41.76 0.527 0.492 23.279 20.305 -77.826 2.517 
11.374 41.761 0.516 0.494 23.459 19.54 -51.527 0.393 
11.374 41.764 0.517 0.497 22.123 18.736 -88.517 0.731 
11.376 41.768 0.518 0.5 22.254 18.19 -82.423 0.712 
11.365 41.771 0.509 0.504 24.858 19.679 -155.709 1.829 
11.401 41.773 0.537 0.506 24.259 20.649 -226.191 12.18 
11.386 41.78 0.525 0.513 25.603 19.823 -7.745 10.988 
11.39 41.784 0.529 0.517 22.256 19.568 -71.695 1.52 
11.38 41.787 0.521 0.52 22.298 19.827 -106.132 2.66 
11.35 41.788 0.499 0.521 25.993 20.131 -133.215 2.524 
11.398 41.791 0.534 0.524 22.37 18.504 -102.749 0.701 
11.381 41.793 0.521 0.526 23.33 20.406 -409.931 5.037 
11.399 41.798 0.535 0.531 23.837 19.745 -28.625 0.38 
11.331 41.799 0.484 0.531 25.328 20.392 8.341 3.618 
11.345 41.799 0.495 0.532 22.884 19.712 -96.191 1.726 
11.368 41.809 0.512 0.542 25.086 20.421 -45.039 3.524 
11.33 41.81 0.484 0.542 24.96 20.061 -56.346 3.635 
11.367 41.811 0.511 0.543 24.171 20.347 -23.042 1.214 
11.352 41.815 0.5 0.547 24.081 20.211 -104.443 4.618 
11.406 41.815 0.54 0.548 23.322 19.78 -69.543 1.828 
11.386 41.816 0.525 0.548 23.69 20.054 -18.443 4.767 
11.362 41.817 0.507 0.55 26.107 20.687 -191.446 3.933 
11.395 41.823 0.532 0.556 24.123 20.555 -106.947 4.952 
11.395 41.836 0.532 0.569 26.073 20.576 -43.107 10.468 
11.381 41.837 0.522 0.57 24.672 20.085 -44.229 4.581 
11.355 41.84 0.502 0.572 22.808 19.552 -28.119 2.15 
11.424 41.846 0.553 0.579 23.147 20.483 -56.865 3.413 
11.38 41.847 0.521 0.58 23.311 19.903 -55.361 5.195 
11.357 41.847 0.503 0.58 23.155 20.096 -89.268 2.934 
11.353 41.851 0.5 0.583 24.716 20.496 3.885 5.64 
11.386 41.852 0.525 0.585 20.765 17.762 -87.077 0.466 
11.386 41.853 0.525 0.585 25.001 20.011 -67.993 21.193 
11.356 41.853 0.502 0.586 25.129 20.315 -155.706 3.993 
11.425 41.854 0.554 0.587 24.882 19.727 -22.662 3.049 
11.387 41.856 0.526 0.588 23.127 19.236 -71.137 1.547 
11.431 41.856 0.559 0.59 22.241 19.261 -79.306 2.386 
11.421 41.857 0.551 0.59 26.269 21.069 -82.24 20.092 
11.436 41.859 0.563 0.592 22.081 19.592 -81.109 2.287 
11.436 41.861 0.563 0.594 22.405 19.292 -65.58 3.557 
11.39 41.866 0.528 0.599 25.152 19.799 -45.26 2.433 
10.912 41.376 0.171 0.107 21.439 18.472 -148.785 1.025 
10.933 41.386 0.186 0.117 22.5 19.774 -141.397 2.835 
10.982 41.388 0.223 0.119 25.871 19.912 -560.241 4.584 
10.942 41.389 0.193 0.12 24.424 20.698 109.859 22.23 
11.021 41.391 0.252 0.122 24.567 19.327 -195.314 1.982 
11.084 41.392 0.3 0.123 25.784 20.856 -12.773 6.092 
11.051 41.392 0.275 0.123 22.119 20.281 -217.033 2.887 
11.059 41.394 0.281 0.126 24.568 20.178 -219.585 4.609 
11.072 41.396 0.291 0.127 25.395 20.17 -209.591 5.634 
11.037 41.396 0.265 0.127 24.681 20.223 -354.99 8.633 
11.037 41.396 0.265 0.127 24.681 20.223 -56.176 7.458 
11.022 41.397 0.253 0.128 24.627 20.401 -325.421 5.803 
11.077 41.397 0.295 0.129 22.731 19.636 -222.973 1.878 
11.164 41.398 0.36 0.13 22.865 19.062 -211.918 1.697 
11.068 41.399 0.288 0.13 23.733 19.939 -187.22 4.481 
11.031 41.399 0.26 0.13 24.661 19.669 -223.097 2.829 
11.162 41.399 0.359 0.131 23.738 19.264 -212.829 3.554 
10.868 41.402 0.138 0.133 23.86 19.749 -199.262 5.481 
11.13 41.403 0.335 0.134 22.866 20.132 -207.747 2.071 
11.023 41.404 0.254 0.135 24.562 19.775 -259.607 4.872 
10.968 41.404 0.213 0.135 22.811 19.918 -190.882 2.184 
11.113 41.405 0.321 0.137 22.477 20.006 -222.907 1.973 
11.106 41.407 0.316 0.138 23.647 19.938 -251.804 2.304 
11.088 41.409 0.303 0.14 24.868 19.957 -382.972 1.973 
11.098 41.41 0.31 0.141 24.968 20.283 -143.446 7.696 
10.982 41.413 0.223 0.144 23.082 20.252 -118.916 7.375 
11.126 41.415 0.332 0.146 21.689 18.852 -195.418 0.881 
11.0 41.415 0.237 0.146 21.586 19.631 -176.378 2.195 
10.935 41.415 0.188 0.146 22.017 20.034 -151.294 2.855 
11.114 41.415 0.323 0.147 24.22 19.271 -218.652 1.489 
11.053 41.417 0.276 0.148 24.781 19.878 -193.549 11.548 
10.92 41.418 0.177 0.148 21.845 18.127 -90.382 0.886 
11.092 41.419 0.306 0.151 24.027 19.647 -199.611 1.917 
10.951 41.42 0.2 0.151 21.641 19.572 -42.606 2.866 
10.997 41.422 0.234 0.154 25.744 19.998 91.592 2.838 
11.01 41.425 0.244 0.156 24.723 20.562 -290.738 7.422 
11.066 41.427 0.286 0.158 24.621 19.758 -188.076 3.838 
11.063 41.427 0.284 0.158 23.656 20.583 -179.678 5.294 
11.053 41.429 0.277 0.16 23.061 19.526 -246.978 2.496 
11.123 41.429 0.329 0.161 24.646 20.216 -157.892 2.806 
11.049 41.431 0.274 0.162 23.619 19.869 -22.985 3.464 
11.081 41.432 0.297 0.163 23.81 19.678 -125.956 2.568 
10.877 41.433 0.145 0.164 27.032 20.175 -142.431 16.211 
10.887 41.434 0.152 0.165 26.742 20.902 -115.07 10.224 
11.15 41.437 0.35 0.169 22.831 19.751 -215.959 2.812 
11.207 41.437 0.392 0.169 24.623 20.107 -217.636 5.982 
11.0 41.438 0.237 0.169 20.6 17.986 -132.846 0.485 
11.021 41.438 0.253 0.169 25.033 20.134 -247.971 3.89 
10.993 41.44 0.232 0.171 21.8 17.724 -133.759 0.875 
11.212 41.445 0.396 0.177 24.581 20.054 -234.609 5.858 
11.19 41.45 0.379 0.181 26.208 19.535 -205.418 2.827 
11.065 41.568 0.286 0.299 21.922 19.724 -23.767 4.633 
11.085 41.571 0.301 0.303 23.318 19.757 -36.554 3.563 
11.079 41.575 0.296 0.307 21.21 17.991 -82.785 0.902 
11.094 41.583 0.307 0.315 22.905 19.568 -320.3 6.825 
11.124 41.584 0.329 0.316 23.317 19.932 -38.702 3.982 
11.05 41.587 0.274 0.319 22.476 20.348 -84.76 4.037 
11.152 41.588 0.351 0.319 24.138 19.769 -268.065 15.885 
11.171 41.589 0.365 0.321 23.974 19.828 -72.423 3.83 
11.099 41.589 0.311 0.321 22.33 19.765 -59.439 2.511 
11.04 41.591 0.267 0.322 27.451 20.941 -35.408 8.04 
11.201 41.591 0.387 0.323 23.186 20.095 -36.584 4.582 
10.992 41.593 0.231 0.324 23.551 20.383 -121.608 6.687 
11.101 41.594 0.313 0.325 24.343 19.878 -89.78 4.518 
11.108 41.594 0.318 0.326 22.719 19.734 -52.645 2.373 
11.145 41.595 0.345 0.327 22.316 19.76 -139.013 7.135 
11.081 41.595 0.297 0.327 22.477 19.63 -55.156 1.876 
11.197 41.6 0.384 0.332 22.366 19.102 -267.941 12.584 
11.181 41.6 0.373 0.332 23.697 18.798 -141.502 2.38 
11.205 41.602 0.39 0.334 25.614 20.093 -80.274 13.62 
11.046 41.603 0.271 0.334 25.502 20.393 -319.833 6.566 
11.046 41.603 0.271 0.334 25.502 20.393 -118.14 7.183 
11.195 41.603 0.383 0.335 25.227 20.026 -156.365 13.17 
11.036 41.608 0.264 0.339 23.624 19.843 0.135 5.099 
11.095 41.61 0.308 0.341 23.403 20.368 -62.977 4.432 
11.317 41.61 0.474 0.342 21.858 19.878 -176.265 10.293 
11.214 41.61 0.397 0.342 25.169 20.477 -141.723 4.641 
11.207 41.612 0.392 0.344 25.888 20.167 -87.403 5.861 
11.058 41.613 0.28 0.344 23.169 19.63 -35.649 5.434 
11.21 41.613 0.394 0.345 22.873 19.524 -167.67 9.818 
11.144 41.621 0.344 0.352 24.461 19.687 -39.211 4.637 
11.032 41.624 0.26 0.355 22.198 19.424 -61.64 1.605 
11.12 41.625 0.327 0.356 22.642 17.987 -43.597 0.907 
11.02 41.625 0.251 0.356 26.602 20.318 89.805 13.898 
11.02 41.625 0.251 0.356 26.602 20.318 -61.93 19.182 
11.214 41.626 0.397 0.358 25.541 19.827 -169.884 4.908 
11.266 41.627 0.436 0.359 21.553 17.224 -152.997 0.661 
11.054 41.629 0.277 0.36 23.219 19.27 -94.923 0.545 
11.053 41.628 0.276 0.36 27.29 20.74 -58.255 24.501 
11.247 41.633 0.422 0.365 22.077 18.812 -147.803 0.961 
11.081 41.633 0.297 0.365 23.965 20.143 -312.385 6.299 
11.027 41.634 0.257 0.365 23.153 19.084 -99.739 2.206 
11.134 41.635 0.337 0.366 21.579 18.691 -57.101 0.958 
11.259 41.635 0.431 0.367 21.686 19.824 -133.521 1.766 
11.022 41.636 0.253 0.367 25.093 20.007 -67.2 3.437 
11.318 41.636 0.475 0.368 24.782 20.808 -229.799 17.38 
11.244 41.636 0.42 0.368 26.263 20.875 -144.659 5.68 
11.173 41.638 0.366 0.37 25.03 19.913 -72.294 4.61 
11.145 41.638 0.345 0.37 25.915 20.395 -181.701 4.574 
11.28 41.639 0.446 0.371 21.939 19.35 -128.582 1.587 
11.094 41.64 0.307 0.371 22.781 19.218 -73.929 2.795 
11.106 41.641 0.316 0.372 22.533 20.076 -53.536 2.315 
11.256 41.645 0.428 0.377 24.761 19.981 -213.987 0.561 
11.281 41.649 0.447 0.381 24.781 20.81 -533.878 13.038 
11.339 41.65 0.49 0.383 26.606 20.923 51.432 33.142 
11.336 41.656 0.488 0.389 25.603 19.661 -137.335 6.553 
11.087 41.596 0.302 0.327 21.907 19.296 -48.167 1.88 
11.611 41.919 0.693 0.654 25.129 20.416 -211.942 8.998 
11.556 41.92 0.652 0.655 24.26 19.823 -114.719 11.024 
11.557 41.92 0.653 0.654 25.686 20.626 -91.11 10.421 
11.571 41.922 0.663 0.656 25.021 20.832 -5.528 5.93 
11.603 41.922 0.687 0.657 24.737 20.485 -206.709 9.729 
11.591 41.925 0.679 0.659 24.395 20.675 -105.232 7.347 
11.599 41.926 0.684 0.66 26.479 20.9 -125.493 8.834 
11.595 41.927 0.681 0.661 21.904 19.693 -71.064 1.897 
11.595 41.934 0.681 0.669 25.915 20.167 -130.98 3.462 
11.564 41.935 0.658 0.669 23.969 20.493 -31.082 6.782 
11.518 41.94 0.623 0.673 25.017 20.103 -26.952 4.877 
11.511 41.942 0.619 0.675 25.09 20.396 -35.978 6.856 
11.57 41.942 0.663 0.676 23.856 20.123 -24.075 4.751 
11.588 41.948 0.676 0.683 23.742 20.5 -41.366 4.349 
11.59 41.95 0.678 0.685 25.499 20.093 -72.904 3.133 
11.57 41.952 0.662 0.686 24.576 19.663 -66.103 0.59 
11.547 41.954 0.645 0.687 25.065 20.446 -90.146 3.804 
11.518 41.954 0.624 0.688 25.183 20.532 -125.197 8.958 
11.568 41.964 0.661 0.698 24.86 20.328 21.222 8.069 
11.557 41.969 0.653 0.703 25.59 20.829 -123.306 5.263 
11.499 41.979 0.609 0.712 23.922 20.056 14.466 5.496 
11.553 41.98 0.65 0.715 25.384 19.719 -52.115 0.47 
11.57 41.992 0.662 0.726 24.116 19.87 12.168 -599600.0 
11.545 41.992 0.643 0.726 24.322 20.678 -117.912 3.696 
11.54 41.993 0.64 0.727 25.035 20.527 -234.959 6.157 
11.5 42.004 0.61 0.738 25.095 20.02 -94.661 -599600.0 
11.556 42.008 0.652 0.742 23.791 19.705 -55.06 -299800.0 
11.502 42.019 0.612 0.753 24.205 20.619 -108.365 4.19 
11.511 42.026 0.618 0.76 24.671 20.382 -35.829 7.019 
11.485 42.036 0.598 0.769 25.511 20.53 -114.785 3.016 
11.556 42.043 0.652 0.777 25.633 20.806 -56.005 5.909 
11.497 42.045 0.608 0.779 24.769 20.336 -97.929 3.703 
11.523 42.047 0.627 0.781 23.921 20.464 21.061 4.06 
11.512 42.048 0.618 0.781 24.275 20.664 -93.581 4.835 
11.516 42.053 0.621 0.787 25.043 20.491 30.152 5.774 
11.502 42.055 0.612 0.789 25.586 20.394 26.855 4.755 
11.545 42.059 0.643 0.793 24.808 20.15 61.552 3.698 
11.48 42.059 0.595 0.793 23.413 20.168 -78.009 0.833 
11.49 42.06 0.602 0.793 24.338 19.958 26.972 4.216 
11.504 42.068 0.612 0.801 22.067 20.24 33.434 3.141 
11.48 42.071 0.595 0.804 28.217 20.508 -459.565 4.944 
11.514 42.074 0.62 0.807 23.987 20.281 -127.937 4.75 
11.512 42.078 0.618 0.812 25.413 20.713 -132.084 5.598 
11.51 42.081 0.617 0.815 25.369 19.929 -62.501 3.643 
11.474 42.082 0.59 0.815 24.87 20.504 -10.696 4.029 
11.468 42.083 0.585 0.817 24.455 20.179 853818.109 -299800.0 
11.519 42.087 0.624 0.821 25.291 20.372 -97.303 3.246 
11.512 42.088 0.618 0.821 26.575 20.794 28.238 6.387 
11.471 42.088 0.588 0.821 28.572 21.957 -88.964 6.889 
11.45 42.088 0.572 0.821 23.579 20.538 -28.251 6.164 
11.418 42.096 0.549 0.829 24.568 19.816 -288.87 3.375 
11.504 42.108 0.613 0.842 25.1 20.455 -184.442 6.45 
11.48 42.112 0.594 0.845 25.436 19.76 -70.822 0.72 
11.408 42.114 0.541 0.847 23.691 20.512 -120.088 6.595 
11.453 42.114 0.574 0.848 27.698 20.787 29.475 9.356 
11.407 42.114 0.54 0.847 25.107 20.417 -146.81 3.848 
11.416 42.118 0.546 0.851 23.753 20.57 -303.28 4.22 
11.428 42.122 0.555 0.856 24.17 20.527 -173.874 6.804 
11.459 42.123 0.578 0.856 26.05 19.985 20.277 20.232 
11.413 42.125 0.544 0.858 25.292 20.297 -114.624 7.981 
11.436 42.129 0.562 0.862 24.564 20.301 -80.306 3.521 
11.446 42.131 0.569 0.864 24.924 20.408 -116.203 3.102 
11.51 42.133 0.617 0.867 24.051 20.101 -58.955 7.664 
11.493 42.134 0.604 0.868 25.197 19.676 -0.819 -299800.0 
11.473 42.137 0.589 0.87 24.029 20.263 28.742 9.794 
11.44 42.142 0.565 0.875 25.714 20.802 -27.464 5.503 
11.432 42.147 0.559 0.88 28.574 21.675 -154.786 14.933 
11.476 42.15 0.591 0.884 23.892 20.271 -118.925 8.311 
11.43 42.152 0.557 0.885 24.98 20.11 -81.2 2.804 
11.464 42.154 0.582 0.887 25.833 20.74 -83.565 4.93 
11.49 42.175 0.601 0.909 25.417 20.539 -113.736 13.627 
11.178 41.412 0.371 0.144 23.945 19.687 -176.287 0.674 
11.162 41.42 0.358 0.152 21.544 18.137 -207.028 3.009 
11.228 41.422 0.408 0.154 23.797 20.306 -212.633 9.835 
11.221 41.423 0.403 0.155 23.629 20.141 -195.392 6.846 
11.22 41.425 0.402 0.157 24.089 20.628 -166.128 25.062 
11.191 41.427 0.38 0.159 23.369 20.501 -235.912 6.553 
11.174 41.432 0.367 0.164 23.457 20.01 -298.711 4.731 
11.2 41.433 0.387 0.165 21.896 19.679 -41.095 4.58 
11.223 41.433 0.404 0.165 24.11 19.894 -229.11 3.64 
11.24 41.436 0.417 0.168 25.479 20.404 -287.072 7.289 
11.228 41.436 0.408 0.168 22.971 19.263 -185.613 2.195 
11.133 41.506 0.337 0.237 21.501 17.877 -177.921 0.694 
11.181 41.507 0.372 0.238 23.812 20.169 -196.721 5.943 
11.171 41.507 0.365 0.239 25.411 20.426 -163.326 4.445 
11.133 41.51 0.336 0.241 24.402 20.109 -102.029 3.989 
11.168 41.516 0.363 0.248 25.182 19.673 2.02 3.573 
11.17 41.524 0.364 0.256 22.641 18.323 -189.557 1.364 
11.181 41.524 0.373 0.256 24.517 19.641 -214.16 2.888 
11.161 41.531 0.358 0.263 24.498 20.402 -226.871 4.642 
11.162 41.531 0.358 0.263 23.64 20.579 -566.267 5.654 
11.159 41.535 0.356 0.267 22.685 19.15 -74.249 2.399 
11.159 41.537 0.356 0.268 23.391 20.364 13.419 0.186 
11.156 41.539 0.354 0.27 22.717 20.176 -174.193 5.966 
11.162 41.544 0.358 0.276 22.897 20.451 -55.519 7.92 
11.151 41.548 0.35 0.28 22.915 19.643 -227.374 9.308 
11.148 41.553 0.348 0.285 25.489 20.056 -192.261 5.053 
11.148 41.556 0.348 0.288 24.678 20.597 -162.329 5.276 
11.119 41.564 0.326 0.296 25.045 19.651 -26.138 2.181 
11.119 41.564 0.326 0.295 26.561 21.318 -121.721 6.12 
11.166 41.575 0.361 0.306 24.687 20.011 -562.991 3.331 
11.166 41.575 0.361 0.307 30.469 21.931 -24.047 9.239 
11.15 41.583 0.349 0.315 25.992 21.082 -73.997 7.802 
11.087 41.596 0.302 0.328 23.235 19.593 -290.382 2.461 
11.111 41.602 0.32 0.333 22.395 19.028 -60.268 1.398 
11.077 41.604 0.294 0.335 25.527 19.985 -125.199 2.927 
11.096 41.61 0.308 0.341 23.191 20.162 -291.503 5.197 
11.118 41.614 0.325 0.345 22.077 20.065 -67.108 2.543 
11.082 41.617 0.298 0.349 22.664 20.442 -53.665 4.949 
11.14 41.618 0.341 0.35 24.713 19.927 -10.847 3.03 
11.054 41.62 0.277 0.351 25.377 20.624 -46.134 5.827 
11.082 41.622 0.298 0.353 21.468 18.378 -42.246 0.879 
11.12 41.625 0.327 0.356 22.642 17.987 -42.125 0.893 
11.099 41.63 0.311 0.362 20.989 17.729 -19.205 3.865 
11.132 41.632 0.335 0.364 22.084 19.9 -40.691 3.022 
11.131 41.632 0.335 0.364 25.059 20.547 -146.371 7.473 
11.081 41.633 0.297 0.365 23.965 20.143 -314.844 5.156 
11.134 41.635 0.337 0.366 21.579 18.691 -59.381 1.078 
11.114 41.639 0.322 0.371 24.125 19.254 -411.506 5.858 
11.104 41.642 0.314 0.374 24.953 20.804 -148.685 12.82 
11.104 41.644 0.314 0.375 22.666 19.599 -444.871 3.0 
11.117 41.646 0.324 0.378 23.146 20.069 -103.559 3.947 
11.089 41.65 0.303 0.381 22.251 19.738 -61.683 2.942 
11.089 41.657 0.303 0.388 22.761 19.952 -70.367 2.644 
11.099 41.66 0.31 0.392 21.388 18.513 49.078 -299800.0 
11.093 41.666 0.306 0.397 21.999 19.241 -72.241 1.816 
11.086 41.669 0.301 0.4 22.856 19.748 16.121 3.95 
11.086 41.67 0.301 0.401 23.994 20.631 -193.824 11.951 
11.108 41.674 0.317 0.405 25.128 20.189 -151.272 4.436 
11.12 41.588 0.326 0.32 25.307 20.916 -158.423 19.235 
11.374 41.83 0.516 0.562 25.079 20.377 -66.06 6.072 
11.377 41.833 0.518 0.566 23.898 19.762 -216.71 3.946 
11.46 41.84 0.58 0.574 25.212 19.752 -201.062 38.797 
11.46 41.84 0.58 0.574 25.212 19.752 -137.626 13.685 
11.329 41.843 0.483 0.575 24.905 19.589 17.097 4.577 
11.259 41.846 0.43 0.578 27.998 20.881 -81.764 8.747 
11.294 41.847 0.456 0.579 22.755 18.89 -53.5 3.203 
11.344 41.847 0.494 0.58 21.117 17.343 -56.985 -299800.0 
11.132 41.849 0.335 0.581 22.67 18.373 -93.352 1.82 
11.332 41.85 0.485 0.582 22.449 20.191 -35.384 4.264 
11.334 41.851 0.486 0.584 25.189 20.139 -47.535 4.426 
11.302 41.852 0.462 0.584 23.613 20.015 21.198 6.778 
11.148 41.853 0.347 0.585 25.542 19.846 -111.34 4.301 
11.297 41.855 0.459 0.588 22.9 19.896 -1.623 3.348 
11.34 41.857 0.491 0.59 23.688 19.758 19.157 4.552 
11.295 41.859 0.457 0.591 23.862 20.14 -37.237 7.065 
11.339 41.864 0.49 0.597 23.06 19.926 -71.781 3.355 
11.33 41.865 0.483 0.597 25.134 20.858 -129.877 9.722 
11.134 41.866 0.337 0.598 20.978 17.097 -121.369 -299800.0 
11.333 41.866 0.485 0.599 29.877 21.742 -76.858 11.738 
11.124 41.867 0.329 0.598 21.769 19.167 -117.351 2.302 
11.308 41.867 0.467 0.6 24.696 19.753 -105.1 6.222 
11.32 41.867 0.476 0.6 25.659 20.621 -122.537 10.923 
11.11 41.868 0.319 0.599 22.634 18.281 -107.653 5.213 
11.41 41.871 0.543 0.604 21.968 19.943 -52.546 4.677 
11.399 41.872 0.535 0.605 23.79 20.332 -71.616 16.451 
11.389 41.873 0.527 0.606 21.85 19.981 -54.769 4.178 
11.132 41.876 0.335 0.607 22.631 19.108 -112.219 2.176 
11.388 41.876 0.527 0.609 23.98 19.472 -18.833 10.86 
11.226 41.876 0.405 0.608 21.959 19.301 -55.933 2.47 
11.176 41.878 0.368 0.61 22.731 20.196 -124.48 4.897 
11.141 41.878 0.341 0.61 21.587 18.24 -106.802 3.572 
11.296 41.88 0.458 0.612 22.446 20.075 -77.727 3.941 
11.395 41.88 0.532 0.613 25.524 20.49 -62.017 5.466 
11.281 41.883 0.447 0.615 23.517 20.486 -55.807 13.011 
11.4 41.884 0.536 0.616 24.445 20.708 -37.924 13.004 
11.182 41.887 0.373 0.619 25.622 20.771 -60.236 11.561 
11.182 41.887 0.373 0.619 25.622 20.771 25.236 28.572 
11.172 41.89 0.365 0.621 22.813 19.823 -91.547 3.928 
11.155 41.89 0.352 0.622 27.237 21.169 -10.336 10.06 
11.319 41.892 0.475 0.624 24.931 19.774 -60.599 4.213 
11.309 41.893 0.467 0.625 23.145 19.631 -49.363 3.826 
11.295 41.894 0.457 0.627 23.388 20.388 -126.063 7.224 
11.311 41.895 0.469 0.627 22.522 19.17 -66.106 3.603 
11.277 41.895 0.444 0.627 22.04 19.416 -64.884 2.477 
11.105 41.895 0.315 0.627 26.575 20.496 -148.307 6.456 
11.151 41.896 0.349 0.628 22.61 19.639 -114.838 4.904 
11.293 41.898 0.456 0.63 23.411 19.843 29.329 8.923 
11.13 41.899 0.334 0.63 28.19 21.553 -148.029 10.094 
11.151 41.9 0.349 0.632 26.401 21.217 -109.495 12.647 
11.248 41.904 0.422 0.636 23.301 19.691 -98.899 1.261 
11.21 41.905 0.393 0.637 23.906 19.52 -131.435 3.807 
11.186 41.911 0.376 0.643 23.009 18.953 -92.487 2.953 
11.21 41.878 0.393 0.61 24.651 19.572 -67.34 4.031 
11.481 41.864 0.596 0.597 24.341 19.987 -69.717 5.165 
11.503 41.864 0.613 0.598 25.457 20.71 -19.121 4.909 
11.496 41.866 0.608 0.599 21.839 19.991 -101.377 16.612 
11.513 41.873 0.62 0.607 25.15 20.252 -22.387 3.477 
11.496 41.874 0.608 0.607 25.949 20.225 -100.875 4.947 
11.477 41.875 0.593 0.609 26.132 20.396 -115.374 5.751 
11.544 41.877 0.644 0.611 27.602 20.631 -51.306 5.119 
11.522 41.878 0.627 0.612 22.938 20.501 -299.682 9.303 
11.418 41.881 0.549 0.614 22.982 18.228 -60.088 2.513 
11.408 41.883 0.542 0.616 24.713 20.096 -66.649 4.111 
11.542 41.884 0.642 0.617 26.002 20.583 -47.804 4.45 
11.551 41.886 0.648 0.62 25.315 20.21 -61.15 6.393 
11.427 41.887 0.555 0.62 23.15 19.77 -36.122 4.586 
11.445 41.892 0.569 0.625 22.887 19.784 -52.269 7.412 
11.542 41.894 0.641 0.628 23.141 20.49 -537.874 9.348 
11.442 41.899 0.567 0.633 24.06 20.167 -113.437 7.58 
11.404 41.9 0.539 0.633 27.569 20.875 -32.126 7.447 
11.531 41.901 0.633 0.635 24.944 20.388 -146.428 4.927 
11.354 41.903 0.501 0.636 23.31 18.802 -41.685 3.162 
11.514 41.904 0.621 0.637 23.424 19.868 11.872 7.146 
11.301 41.904 0.461 0.637 27.765 21.567 36.855 8.996 
11.403 41.908 0.537 0.641 24.733 20.437 -566.798 5.447 
11.519 41.91 0.624 0.644 24.738 19.826 -225.415 7.398 
11.454 41.91 0.576 0.643 25.356 20.621 -54.284 17.266 
11.379 41.911 0.519 0.644 24.516 20.38 -82.329 6.001 
11.32 41.911 0.476 0.644 26.242 20.535 180.474 18.654 
11.482 41.912 0.597 0.646 26.581 20.181 -75.953 4.705 
11.503 41.912 0.612 0.646 25.633 20.493 -141.952 3.722 
11.43 41.919 0.558 0.652 25.314 20.548 -95.641 9.191 
11.553 41.922 0.65 0.656 27.968 21.364 -116.005 6.544 
11.328 41.923 0.481 0.656 26.811 20.3 31.822 14.623 
11.316 41.926 0.472 0.658 24.097 20.124 -111.513 7.064 
11.475 41.926 0.592 0.659 22.293 19.866 -32.497 12.556 
11.345 41.93 0.494 0.663 28.201 21.105 48.036 9.711 
11.481 41.932 0.596 0.665 26.003 19.753 -86.491 1.254 
11.427 41.934 0.555 0.667 23.582 18.888 -40.692 1.978 
11.403 41.934 0.538 0.667 25.394 20.29 -22.045 4.711 
11.343 41.937 0.493 0.67 22.241 20.441 -123.779 8.293 
11.21 41.942 0.393 0.674 25.831 20.782 8.964 6.065 
11.213 41.944 0.395 0.676 30.227 22.313 -65.86 18.042 
11.224 41.944 0.404 0.676 29.433 21.482 -59.972 10.218 
11.378 42.054 0.518 0.787 16.459 14.652 47.451 0.17 
11.534 41.944 0.636 0.678 24.781 20.62 -98.156 3.957 
11.499 41.948 0.609 0.682 22.494 20.155 -68.486 6.368 
11.45 41.953 0.573 0.686 25.438 19.92 -49.597 3.159 
11.48 41.953 0.595 0.687 24.459 20.26 -213.843 5.934 
11.465 41.956 0.584 0.689 25.903 20.8 -39.334 10.553 
11.526 41.957 0.629 0.691 23.58 20.306 -71.568 6.893 
11.492 41.959 0.604 0.692 26.085 20.15 -48.939 7.162 
11.474 41.961 0.59 0.695 25.307 20.82 -73.104 9.049 
11.569 41.965 0.662 0.699 25.3 19.801 -96.159 0.987 
11.464 41.968 0.583 0.701 24.982 20.414 -67.532 9.481 
11.464 41.968 0.583 0.701 24.982 20.414 -83.436 -299800.0 
11.44 41.973 0.565 0.707 25.236 20.725 -37.269 8.732 
11.528 41.976 0.631 0.709 22.416 19.682 -155.481 8.664 
11.52 41.978 0.625 0.712 23.752 20.204 -84.238 -299800.0 
11.5 41.98 0.61 0.714 21.551 19.773 -26.008 12.788 
11.443 41.981 0.567 0.714 26.294 20.516 -130.975 4.486 
11.52 41.982 0.625 0.716 25.156 20.138 -48.499 5.622 
11.56 41.982 0.655 0.716 25.167 20.217 -139.995 3.837 
11.506 41.983 0.614 0.716 22.504 20.018 -61.548 3.815 
11.264 41.985 0.434 0.717 26.239 20.815 -58.557 15.303 
11.539 41.986 0.639 0.72 24.873 20.712 -46.08 13.225 
11.564 41.987 0.658 0.721 22.324 19.399 -89.976 9.892 
11.564 41.987 0.658 0.721 22.324 19.399 -75.02 5.857 
11.56 41.998 0.655 0.732 24.156 19.9 -126.413 1.489 
11.226 42.0 0.405 0.732 23.737 20.423 -151.831 6.125 
11.403 42.002 0.537 0.735 22.075 19.483 -50.7 9.167 
11.574 42.002 0.666 0.736 27.912 21.46 4.147 10.201 
11.458 42.003 0.578 0.736 25.472 20.318 -150.035 2.367 
11.446 42.015 0.57 0.749 23.847 20.02 -68.768 6.131 
11.251 42.02 0.423 0.752 25.606 20.952 -31.166 5.546 
11.335 42.026 0.486 0.758 27.77 21.678 -107.529 13.141 
11.245 42.038 0.419 0.77 25.248 20.352 -101.608 3.962 
11.234 42.048 0.411 0.78 23.779 20.239 -156.935 8.482 
11.893 42.148 0.903 0.885 23.335 19.538 -34.603 2.455 
11.901 42.16 0.909 0.897 23.855 20.224 -56.597 10.968 
11.794 42.163 0.828 0.9 25.035 20.753 -108.812 2.254 
11.698 42.166 0.757 0.901 23.813 20.381 -137.15 10.614 
11.834 42.168 0.859 0.905 23.241 19.678 -93.573 4.911 
11.855 42.172 0.875 0.909 24.324 20.139 -48.838 6.307 
11.884 42.177 0.896 0.914 22.767 19.908 -13.965 4.412 
11.83 42.179 0.855 0.915 25.271 20.659 -61.713 4.199 
11.922 42.18 0.924 0.917 25.101 20.276 -74.958 3.543 
11.784 42.181 0.821 0.917 25.275 20.192 -93.232 3.749 
11.925 42.187 0.927 0.924 25.364 20.306 -94.47 4.633 
11.794 42.187 0.829 0.924 25.377 20.551 -73.321 4.381 
11.776 42.188 0.815 0.924 25.586 20.141 -7.783 3.088 
11.758 42.189 0.802 0.925 22.542 19.307 -6.213 2.277 
11.934 42.191 0.933 0.928 25.708 20.495 -96.665 5.383 
11.881 42.193 0.894 0.93 22.245 20.022 -82.137 2.436 
11.859 42.194 0.877 0.931 24.559 20.114 -24.962 3.373 
11.752 42.195 0.797 0.93 26.311 20.845 2.681 5.983 
11.728 42.196 0.779 0.931 24.718 20.475 -41.322 5.309 
11.864 42.196 0.881 0.933 25.609 20.92 -420.376 3.5 
11.736 42.198 0.785 0.934 23.482 19.977 -11.155 2.659 
11.707 42.198 0.764 0.934 23.025 19.24 -42.383 3.799 
11.694 42.2 0.754 0.935 23.687 20.392 -62.276 3.524 
11.808 42.201 0.839 0.937 23.999 19.348 -101.818 1.887 
11.81 42.201 0.84 0.937 26.251 20.627 -31.108 5.84 
11.825 42.203 0.851 0.94 22.462 20.306 -78.242 3.555 
11.774 42.212 0.814 0.948 25.543 20.601 -22.756 3.314 
11.669 42.213 0.735 0.948 25.231 19.712 -64.214 2.058 
11.712 42.213 0.768 0.948 25.823 20.852 -274.719 5.059 
11.612 42.217 0.693 0.952 21.558 18.61 -51.742 0.736 
11.737 42.221 0.786 0.956 24.999 20.128 -44.122 2.654 
11.723 42.221 0.775 0.956 23.387 19.346 -94.287 1.748 
11.789 42.221 0.825 0.957 24.811 20.023 -126.483 2.753 
11.791 42.221 0.826 0.957 23.379 20.098 -59.829 7.451 
11.581 42.232 0.669 0.966 25.248 20.736 -111.579 6.226 
11.631 42.202 0.707 0.936 21.131 18.785 -88.959 1.914 
11.666 42.18 0.733 0.915 22.291 19.867 -50.064 3.455 
11.8 42.108 0.834 0.844 25.176 19.714 -84.195 10.645 
11.806 42.11 0.838 0.846 24.402 20.12 -21.06 4.392 
11.877 42.11 0.891 0.847 22.335 20.264 -137.366 3.165 
11.797 42.118 0.831 0.854 22.376 19.594 -116.878 1.953 
11.874 42.121 0.889 0.858 23.279 20.385 -5.632 5.788 
11.833 42.121 0.858 0.858 25.515 20.518 -268.774 4.181 
11.91 42.128 0.915 0.865 22.681 20.278 -55.797 9.75 
11.814 42.131 0.844 0.867 26.494 20.649 -55.008 6.114 
11.78 42.131 0.818 0.867 21.02 18.302 -72.942 0.73 
11.9 42.133 0.909 0.87 23.529 19.394 -154.636 0.616 
11.782 42.136 0.82 0.872 26.267 20.234 -47.048 -299800.0 
11.924 42.14 0.926 0.877 23.596 19.37 -107.219 3.324 
11.824 42.14 0.851 0.877 24.512 20.72 -117.886 11.827 
11.902 42.147 0.91 0.885 24.381 19.931 -66.108 0.732 
11.764 42.149 0.807 0.885 24.844 20.29 -58.74 4.147 
11.865 42.157 0.882 0.894 25.657 20.435 -54.219 5.548 
11.867 42.158 0.883 0.895 25.199 20.367 -205.645 5.223 
11.794 42.163 0.829 0.899 26.35 20.485 -50.402 16.025 
11.69 42.166 0.751 0.901 25.691 20.689 -92.913 8.569 
11.835 42.17 0.859 0.906 26.278 20.617 -150.224 5.283 
11.802 42.172 0.835 0.908 24.411 20.207 -178.647 3.238 
11.795 42.174 0.829 0.91 23.051 20.023 -33.264 3.531 
11.605 42.145 0.687 0.879 23.154 19.721 -13.765 5.477 
11.568 41.902 0.661 0.636 25.384 20.293 -99.151 3.486 
11.584 41.917 0.673 0.651 24.075 20.421 -41.8 6.123 
11.541 41.918 0.641 0.652 23.991 20.586 -68.709 5.933 
11.608 41.92 0.691 0.654 23.481 19.436 -113.02 1.041 
11.553 41.922 0.65 0.656 27.968 21.364 -58.733 6.28 
11.626 41.929 0.704 0.664 24.017 20.251 -177.004 7.198 
11.546 41.936 0.645 0.67 27.964 21.182 -56.287 1.472 
11.518 41.937 0.624 0.67 24.988 20.424 -34.424 3.835 
11.57 41.947 0.662 0.681 25.262 20.589 -110.208 3.616 
11.572 41.947 0.664 0.682 26.714 20.167 -91.802 -299800.0 
11.602 41.948 0.687 0.682 24.807 20.653 -76.798 5.566 
11.546 41.949 0.644 0.683 25.359 20.557 -106.392 4.302 
11.593 41.952 0.68 0.687 24.846 20.127 -65.168 5.019 
11.567 41.953 0.66 0.687 25.6 20.69 -73.385 4.954 
11.559 41.955 0.654 0.689 23.91 19.401 -126.704 2.098 
11.526 41.956 0.63 0.689 23.947 19.661 -80.184 0.427 
11.497 41.962 0.607 0.695 24.283 20.128 -38.414 5.219 
11.536 41.967 0.637 0.701 27.55 21.33 -102.212 3.212 
11.516 41.967 0.622 0.701 26.166 20.668 -141.085 4.237 
11.553 41.976 0.65 0.71 23.185 19.564 -26.993 2.471 
11.503 41.977 0.612 0.711 21.98 20.121 -31.013 2.114 
11.483 41.979 0.598 0.712 23.537 20.36 -70.386 3.378 
11.514 41.979 0.621 0.713 24.419 20.417 -47.199 4.324 
11.481 41.982 0.596 0.715 23.606 20.041 -19.28 2.434 
11.471 41.992 0.588 0.725 23.762 20.095 -13.583 3.489 
11.535 41.994 0.636 0.728 23.608 19.711 -87.433 2.874 
11.506 41.995 0.615 0.728 28.86 21.093 -42.394 4.458 
11.457 41.995 0.578 0.729 24.419 20.246 -99.2 3.565 
11.541 41.997 0.641 0.731 23.993 20.353 -417.283 5.932 
11.529 42.0 0.632 0.734 27.902 20.802 -57.056 5.713 
11.53 42.005 0.632 0.739 26.467 20.694 -136.164 3.128 
11.445 42.006 0.569 0.739 22.911 20.031 -24.33 2.552 
11.496 42.01 0.606 0.744 23.697 20.576 -99.471 3.196 
11.462 42.011 0.581 0.744 23.739 19.272 -304.392 2.864 
11.503 42.011 0.612 0.744 25.765 20.477 47.133 3.68 
11.504 42.014 0.612 0.748 22.681 19.899 -51.096 3.916 
11.477 42.017 0.592 0.75 24.721 19.926 -85.932 1.91 
11.428 42.017 0.556 0.75 24.029 19.897 -83.537 2.729 
11.523 42.018 0.627 0.751 26.474 20.817 -67.511 4.355 
11.448 42.019 0.571 0.752 23.971 20.215 -30.85 2.965 
11.412 42.025 0.544 0.758 24.022 20.252 -50.734 2.953 
11.457 42.028 0.577 0.761 22.688 20.476 -88.994 2.472 
11.441 42.032 0.566 0.765 23.662 20.025 -82.709 2.493 
11.411 42.032 0.543 0.765 25.409 20.281 -116.689 3.69 
11.377 42.034 0.518 0.767 21.317 18.393 -48.386 0.52 
11.475 42.034 0.591 0.767 26.567 20.469 -202.369 3.779 
11.443 42.034 0.567 0.768 24.793 20.447 -152.471 3.854 
11.425 42.035 0.553 0.768 24.298 20.672 -135.555 3.59 
11.384 42.035 0.523 0.768 23.232 19.887 -31.193 2.212 
11.452 42.037 0.574 0.77 23.003 19.576 -89.066 1.48 
11.392 42.047 0.529 0.78 25.785 20.984 -75.559 5.472 
11.445 42.049 0.569 0.782 24.31 20.564 -31.6 5.464 
11.491 42.052 0.603 0.785 24.673 20.638 -54.439 4.99 
11.417 42.052 0.548 0.785 24.494 20.725 -19.923 4.703 
11.418 42.054 0.549 0.787 25.165 20.766 -161.484 3.844 
11.429 42.055 0.557 0.788 24.665 20.746 -135.945 4.769 
11.463 42.056 0.582 0.789 22.918 19.457 -51.964 3.214 
11.36 42.057 0.505 0.79 25.73 19.82 -52.357 2.064 
11.411 42.06 0.543 0.793 24.313 19.769 -178.248 0.424 
11.46 42.067 0.58 0.8 23.857 20.431 -5.2 2.382 
11.35 42.072 0.497 0.805 23.022 20.424 -118.441 2.434 
11.369 42.072 0.511 0.805 23.569 20.236 -112.645 2.789 
11.35 42.075 0.497 0.808 24.312 19.938 -90.707 4.004 
11.44 42.076 0.565 0.809 23.346 20.3 -47.325 2.948 
11.422 42.082 0.551 0.816 24.806 20.23 -7.714 0.611 
11.376 42.086 0.517 0.819 25.157 20.273 -435.703 2.887 
11.375 42.086 0.516 0.819 25.262 20.75 -1.35 3.811 
11.42 42.087 0.55 0.82 24.377 20.312 -69.668 3.302 
11.43 42.089 0.557 0.822 25.438 20.231 -38.625 2.387 
11.402 42.089 0.536 0.822 23.02 20.003 -59.148 1.811 
11.394 42.09 0.53 0.823 27.92 21.129 -106.22 3.18 
11.434 42.099 0.56 0.832 25.771 20.538 -5.296 3.481 
11.386 42.11 0.525 0.843 25.615 20.848 -154.593 3.95 
11.359 42.11 0.504 0.842 24.538 20.074 -133.374 2.937 
11.393 42.11 0.529 0.843 22.188 19.399 -597.7 1.877 
11.4 42.112 0.534 0.845 24.117 19.955 -121.208 4.212 
11.399 42.116 0.534 0.849 25.024 20.38 21.856 3.81 
11.376 42.116 0.517 0.849 23.784 19.841 -120.091 0.743 
11.395 42.12 0.531 0.853 24.652 20.661 -275.798 4.939 
11.385 42.12 0.523 0.853 28.186 21.647 -135.759 7.32 
11.546 42.133 0.644 0.867 22.164 19.748 -37.155 2.55 
11.581 42.138 0.67 0.872 22.162 19.294 -51.348 1.505 
11.563 42.141 0.656 0.875 25.647 20.018 -35.326 0.787 
11.556 42.143 0.651 0.877 26.867 20.867 -76.07 3.072 
11.533 42.149 0.634 0.882 23.425 20.393 -69.663 3.098 
11.553 42.153 0.649 0.887 25.974 20.165 -135.254 0.908 
11.555 42.158 0.65 0.892 24.715 20.761 -49.176 6.388 
11.526 42.158 0.629 0.892 22.548 19.459 -44.504 1.657 
11.622 42.178 0.7 0.912 27.955 21.217 -15.343 8.767 
11.582 42.19 0.67 0.924 28.859 21.611 20.062 6.801 
11.582 42.19 0.67 0.924 28.859 21.611 -120.142 8.873 
11.672 42.206 0.738 0.941 27.869 21.483 -48.24 6.835 
11.593 42.207 0.678 0.941 30.131 21.803 -93.619 5.213 
11.698 42.222 0.757 0.958 22.229 19.54 -31.253 1.216 
11.755 42.226 0.8 0.961 27.987 21.088 -78.677 4.402 
11.717 42.228 0.771 0.963 28.093 21.861 -440.189 10.834 
11.742 42.228 0.79 0.963 24.355 19.776 -86.455 0.44 
11.633 42.23 0.708 0.964 28.051 21.077 -43.212 3.457 
11.732 42.23 0.782 0.965 23.758 19.585 -29.954 7.93 
11.684 42.242 0.746 0.978 24.262 20.523 -35.581 3.437 
11.764 42.244 0.806 0.98 23.856 19.917 -174.471 5.357 
11.811 42.244 0.841 0.98 25.713 20.481 3.936 6.439 
11.731 42.25 0.781 0.986 27.75 21.138 -88.279 3.195 
11.72 42.251 0.773 0.987 23.422 20.471 -138.014 4.304 
11.752 42.252 0.797 0.988 25.892 20.658 -60.432 4.154 
11.813 42.252 0.843 0.989 26.16 20.834 -78.101 4.942 
11.781 42.264 0.819 1.0 25.294 20.217 -41.39 3.945 
11.726 42.266 0.778 1.002 22.837 20.453 -94.463 2.6 
11.714 42.272 0.768 1.008 24.379 20.072 -204.525 2.752 
11.598 42.11 0.683 0.845 24.068 19.465 -69.291 9.724 
11.622 42.12 0.701 0.854 23.232 20.06 -47.677 4.608 
11.579 42.143 0.669 0.877 24.441 20.13 -92.9 1.393 
11.683 42.177 0.746 0.912 27.505 21.488 -16.935 8.918 
11.73 42.183 0.781 0.919 27.648 21.342 -29.48 5.121 
11.743 42.183 0.791 0.919 27.699 20.867 4.673 10.529 
11.758 42.196 0.802 0.932 25.56 20.603 -116.601 5.569 
11.758 42.202 0.802 0.937 23.749 20.0 -40.566 3.592 
11.768 42.203 0.809 0.939 25.385 20.904 -118.366 8.403 
11.694 42.203 0.754 0.938 23.665 20.583 -58.172 5.577 
11.798 42.208 0.832 0.944 24.544 19.917 -16.982 4.898 
11.685 42.208 0.747 0.943 24.076 19.666 -121.683 4.063 
11.796 42.209 0.83 0.945 25.894 20.267 -43.787 6.409 
11.773 42.21 0.813 0.946 28.451 21.254 -7.252 6.298 
11.793 42.214 0.828 0.95 28.623 21.333 -68.323 6.213 
11.8 42.214 0.833 0.95 22.341 19.837 -65.747 2.044 
11.68 42.214 0.743 0.95 26.028 20.853 -76.331 6.052 
11.774 42.215 0.813 0.951 26.429 20.823 -49.513 5.673 
11.693 42.221 0.753 0.957 26.074 20.537 -5.867 3.801 
11.712 42.226 0.767 0.962 23.216 20.446 -143.741 5.37 
11.733 42.227 0.783 0.962 22.435 20.381 -30.691 5.96 
11.794 42.231 0.828 0.967 23.904 20.433 -195.194 3.647 
11.824 42.231 0.85 0.968 26.874 21.303 -298.863 4.902 
11.822 42.236 0.85 0.973 22.975 19.116 -108.66 0.362 
11.804 42.238 0.836 0.974 23.876 19.588 -93.567 2.712 
11.781 42.238 0.819 0.974 25.14 20.162 -35.945 0.659 
11.718 42.238 0.772 0.974 24.805 20.032 -32.375 3.173 
11.726 42.241 0.778 0.977 24.616 19.962 -92.789 7.458 
11.718 42.243 0.772 0.979 26.787 21.021 -361.781 4.686 
11.826 42.244 0.853 0.98 22.631 20.419 -81.085 4.44 
11.816 42.245 0.845 0.981 22.795 20.433 -84.859 3.518 
11.736 42.246 0.785 0.982 23.573 20.34 -59.369 3.776 
11.838 42.248 0.861 0.985 22.131 19.664 -78.722 2.06 
11.842 42.266 0.864 1.003 23.764 20.078 -117.926 0.902 
11.785 42.271 0.822 1.007 21.696 19.716 -4.849 3.774 
11.8 42.278 0.833 1.014 22.609 20.442 -49.428 2.931 
11.844 42.279 0.866 1.016 26.734 20.834 -501.724 3.318 
11.8 42.289 0.832 1.025 25.699 20.732 -94.279 3.859 
11.819 42.293 0.847 1.029 25.02 20.245 -179.438 7.668 
11.853 42.298 0.872 1.034 24.143 19.978 -71.78 4.042 
11.842 42.298 0.864 1.035 24.149 19.45 -89.421 3.391 
11.839 42.306 0.861 1.042 25.287 20.912 -112.617 13.319 
11.836 42.309 0.86 1.046 23.369 20.209 -53.594 5.259 
11.843 42.312 0.864 1.048 28.182 21.502 -115.259 7.328 
11.594 42.164 0.679 0.898 23.398 20.522 -54.725 6.698 
11.708 41.928 0.766 0.663 23.704 20.248 -52.356 5.729 
11.693 41.935 0.755 0.67 26.994 20.747 -231.359 4.623 
11.687 41.938 0.75 0.673 22.723 20.084 -114.298 2.242 
11.727 41.948 0.78 0.683 25.699 20.365 -34.8 3.742 
11.717 41.952 0.773 0.687 23.893 20.077 -70.579 4.332 
11.634 41.972 0.71 0.706 24.614 20.391 -225.462 4.241 
11.692 41.976 0.754 0.711 25.805 19.995 -120.19 3.317 
11.657 41.981 0.727 0.716 26.239 20.549 -2.925 4.64 
11.616 41.999 0.696 0.734 24.68 20.25 -61.014 2.736 
11.613 42.002 0.694 0.737 21.96 19.528 -54.689 1.262 
11.596 42.008 0.681 0.743 25.864 20.672 71.679 6.2 
11.589 42.009 0.677 0.743 22.274 19.609 -68.688 3.081 
11.593 42.01 0.68 0.744 24.776 20.788 1.219 6.451 
11.587 42.014 0.675 0.749 23.193 20.467 -552.254 2.944 
11.599 42.028 0.684 0.762 20.583 17.153 -76.653 0.426 
11.586 42.031 0.674 0.765 24.113 20.17 -149.439 3.531 
11.554 42.042 0.65 0.776 23.944 19.962 -77.329 2.546 
11.566 42.042 0.659 0.777 23.514 20.091 3.321 2.208 
11.601 42.043 0.686 0.777 24.233 20.493 -63.463 10.741 
11.556 42.063 0.651 0.797 23.654 20.567 -34.511 3.248 
11.598 42.074 0.683 0.808 26.092 20.908 -72.379 4.962 
11.531 42.074 0.633 0.807 25.975 19.968 -110.035 7.906 
11.583 42.074 0.671 0.808 24.141 19.738 -28.658 0.631 
11.591 42.074 0.677 0.809 21.945 17.633 10.193 0.632 
11.576 42.088 0.667 0.822 24.796 20.58 -107.213 4.064 
11.584 42.09 0.673 0.825 24.638 20.245 -36.286 4.178 
11.58 42.098 0.669 0.832 26.174 20.777 12.068 4.022 
11.533 42.102 0.634 0.836 23.249 19.366 -114.839 0.409 
11.533 42.104 0.634 0.837 25.451 20.951 -108.174 6.554 
11.532 42.104 0.633 0.838 24.521 19.845 -27.708 -299800.0 
11.494 42.107 0.605 0.841 24.417 19.938 -25.559 0.693 
11.541 42.111 0.64 0.845 26.445 20.251 -49.577 9.136 
11.511 42.114 0.618 0.847 23.7 19.739 -19.084 0.64 
11.511 42.115 0.618 0.849 25.691 20.809 -93.117 6.45 
11.474 42.116 0.59 0.849 24.596 20.228 -221.825 3.842 
11.565 42.116 0.658 0.85 24.678 20.104 -90.364 5.1 
11.56 42.118 0.654 0.852 23.766 19.541 -175.031 4.114 
11.503 42.123 0.612 0.857 24.928 20.124 -40.457 4.218 
11.464 42.126 0.582 0.86 24.677 19.655 -71.76 4.932 
11.511 42.127 0.618 0.86 24.54 20.264 -2.321 4.375 
11.563 42.137 0.656 0.871 24.653 19.994 110.976 12.225 
11.524 42.14 0.627 0.874 22.235 19.105 -35.356 0.478 
11.542 42.142 0.64 0.876 25.381 19.976 13.97 3.442 
11.542 42.148 0.64 0.882 23.172 19.673 -31.007 0.592 
11.492 42.145 0.603 0.878 24.85 19.988 -60.834 1.516 
